#Region	Chromosome	Start_position	End_position	Pass_or_flag	Read count	Median coverage	Minimum coverage	Median quality coverage	Minimum quality coverage	Maximum fraction of low mapping quality	Maximum fraction of low base quality
CSF3RExon17_0001	chr1	36931940	36932051	PASS	627	626	625	621	602	0	0.037
CSF3RExon17_0003	chr1	36932132	36932248	PASS	426	166	166	165	156	0	0.595
CSF3RExon17_0004	chr1	36932244	36932365	FLAG	582	413	260	408	19	0	0.93
CSF3RExon17_0005	chr1	36932337	36932448	PASS	660	393	152	389	151	0	0.57
CSF3RExon17_0006	chr1	36932426	36932537	PASS	393	245	245	245	238	0	0.151
CSF3RExon16_0007	chr1	36932818	36932929	FLAG	223	223	219	220	12	0	0.946
CSF3RExon15_0008	chr1	36933125	36933236	PASS	518	518	340	511	329	0	0.302
CSF3RExon15_0009	chr1	36933176	36933287	PASS	518	518	173	510	165	0	0.388
CSF3RExon14_0010	chr1	36933406	36933522	FLAG	445	444	436	438	43	0	0.903
MPLExon4_0012	chr1	43804934	43805055	PASS	377	311	308	310	285	0	0.081
MPLExon4_0013	chr1	43805026	43805142	FLAG	529	219	66	214.5	63	0	0.562
MPLExon4_0014	chr1	43805139	43805260	FLAG	224	140	137	138	13	0	0.905
MPLExon5_0016	chr1	43805707	43805818	PASS	286	280	279	277	269	0	0.043
MPLExon6_0017	chr1	43806025	43806136	FLAG	927	45	45	45	4	0	0.911
MPLExon6_0018	chr1	43806129	43806240	PASS	928	875	875	868	825	0	0.057
MPLExon7_0019	chr1	43812110	43812226	PASS	229	163	163	163	154	0	0.272
MPLExon7_0020	chr1	43812204	43812325	FLAG	229	66	66	66	61	0	0.396
MPLExon8_0021	chr1	43812448	43812569	FLAG	158	158	89	154	8	0	0.912
MPLExon8_0022	chr1	43812515	43812626	FLAG	158	158	67	153	63	0	0.486
MPLExon10_0026	chr1	43815004	43815115	FLAG	138	138	137	134	92	0	0.333
MPLExon11_0027	chr1	43817879	43817990	FLAG	455	455	454	451	13	0	0.971
MPLExon12_0028	chr1	43818156	43818267	FLAG	227	50	50	50	47	0	0.582
MPLExon12_0029	chr1	43818265	43818386	FLAG	482	177	177	176	7	0	0.96
MPLExon12_0030	chr1	43818383	43818504	PASS	432	255	255	254	246	0	0.373
NRASExon5_0031	chr1	115251149	115251260	PASS	1307	1306	948	1293	357	0	0.726
NRASExon5_0032	chr1	115251197	115251313	PASS	1306	1305	357	1290.5	343	0	0.651
NRASExon4_0033	chr1	115252179	115252295	PASS	578	181	179	179	167	0	0.656
NRASExon4_0034	chr1	115252260	115252381	PASS	578	399	399	399	385	0	0.184
NRASExon3_0035	chr1	115256392	115256503	PASS	1568	750	750	748	726	0	0.364
NRASExon3_0036	chr1	115256480	115256591	PASS	1568	814	814	813	792	0	0.185
NRASExon3_0037	chr1	115256502	115256623	FLAG	1568	814	6	809	6	0	0.944
NRASExon2_0038	chr1	115258636	115258747	PASS	707	706	116	699	106	0	0.508
NRASExon2_0039	chr1	115258677	115258788	PASS	708	707	573	699	558	0	0.122
FAM5CExon7_0040	chr1	190129791	190129902	FLAG	237	103	103	103	99	0	0.456
FAM5CExon7_0041	chr1	190129879	190129990	PASS	386	281	137	237	131	0	0.516
FAM5CExon7_0042	chr1	190129956	190130072	PASS	283	147	147	147	137	0	0.516
FAM5CExon6_0043	chr1	190195189	190195300	FLAG	398	278	278	277	2	0	0.993
FAM5CExon6_0044	chr1	190195297	190195413	PASS	627	316	312	314	299	0	0.217
FAM5CExon6_0045	chr1	190195344	190195455	PASS	316	316	229	312	224	0	0.165
FAM5CExon5_0046	chr1	190203474	190203585	PASS	378	378	165	369	157	0	0.558
FAM5CExon5_0047	chr1	190203546	190203657	PASS	378	377	213	362	167	0	0.558
FAM5CExon4_0048	chr1	190233964	190234075	PASS	246	127	127	127	119	0	0.472
FAM5CExon4_0049	chr1	190234054	190234175	PASS	306	186	119	185	114	0	0.317
FAM5CExon4_0050	chr1	190234128	190234249	FLAG	186	181	67	127	2	0	0.97
FAM5CExon3_0051	chr1	190250674	190250790	FLAG	436	280	280	278	9	0	0.968
FAM5CExon3_0052	chr1	190250784	190250905	PASS	436	156	156	156	150	0	0.298
RET_0001	chr10	43572658	43572769	FLAG	59	9	9	9	0	0	1
RET_0002	chr10	43572761	43572872	FLAG	59	50	50	50	3	0	0.94
RET_0003	chr10	43595887	43596008	PASS	454	392	391	390	110	0	0.756
RET_0004	chr10	43595997	43596108	FLAG	981	589	62	572	61	0	0.835
RET_0005	chr10	43596064	43596180	FLAG	589	584.5	525	545.5	97	0	0.835
RET_0006	chr10	43597787	43597903	FLAG	350	182	182	181	13	0	0.929
RET_0007	chr10	43597882	43597993	FLAG	473	293	169	273	16	0	0.952
RET_0008	chr10	43597991	43598102	PASS	294	113	113	112	101	0	0.465
RET_0009	chr10	43600398	43600519	FLAG	186	108	108	107	98	0	0.33
RET_0010	chr10	43600504	43600620	FLAG	218	110	78	107	72	0	0.405
RET_0011	chr10	43600606	43600717	FLAG	110	30	30	30	28	0	0.609
RET_0012	chr10	43601807	43601923	FLAG	358	240	240	238	29	0	0.879
RET_0013	chr10	43601909	43602020	PASS	358	118	118	116	110	0	0.519
RET_0014	chr10	43604469	43604585	PASS	394	152	152	152	144	0	0.298
RET_0015	chr10	43604570	43604681	FLAG	394	242	242	241	68	0	0.827
RET_0016	chr10	43606645	43606756	FLAG	379	111	111	111	5	0	0.955
RET_0017	chr10	43606741	43606852	FLAG	570	455	265	441	63	0	0.827
RET_0018	chr10	43606807	43606918	PASS	456	455	190	441	176	0	0.52
RET_0019	chr10	43607537	43607648	PASS	563	373	372	371	204	0	0.637
RET_0020	chr10	43607622	43607733	PASS	562	182	182	182	167	0	0.331
RET_0021	chr10	43608284	43608395	PASS	943	427	426	425	409	0	0.494
RET_0022	chr10	43608375	43608486	FLAG	943	516	516	514	46	0	0.911
RET_0023	chr10	43608992	43609103	FLAG	119	119	93	116	86	0	0.252
RET_0024	chr10	43609022	43609133	FLAG	119	119	26	116	22	0	0.527
RET_0025	chr10	43609925	43610041	FLAG	358	232	230	227.5	18	0	0.922
RET_0026	chr10	43610039	43610160	PASS	369	138	124	135	113	0	0.477
RET_0027	chr10	43610109	43610220	FLAG	138	132	14	100	12	0	0.876
RET_0028	chr10	43612009	43612120	PASS	363	362	137	356	131	0	0.598
RET_0029	chr10	43612070	43612181	FLAG	363	363	222	357	8	0	0.964
RET_0030	chr10	43613818	43613929	FLAG	540	540	539	534	38	0	0.93
RET_0031	chr10	43614972	43615088	FLAG	217	39	39	39	36	0	0.66
RET_0032	chr10	43615077	43615193	PASS	398	359	180	349.5	171	0	0.208
RET_0033	chr10	43615144	43615255	PASS	359	359	178	349	170	0	0.137
RET_0034	chr10	43615514	43615625	FLAG	284	284	207	272	91	0	0.68
RET_0035	chr10	43615582	43615693	FLAG	284	283	77	276	68	0	0.68
RET_0036	chr10	43617358	43617469	FLAG	402	401	401	399	17	0	0.958
RET_0037	chr10	43619089	43619200	FLAG	433	432	55	426	53	0	0.841
RET_0038	chr10	43619146	43619257	FLAG	433	433	378	425	15	0	0.961
RET_0039	chr10	43620324	43620435	FLAG	366	366	366	363	19	0	0.948
RET_0040	chr10	43622020	43622131	FLAG	355	268	261	261	6	0	0.977
RET_0041	chr10	43622101	43622212	FLAG	355	91	91	91	85	0	0.532
RET_0042	chr10	43623544	43623665	PASS	661	661	229	633	223	0	0.623
RET_0043	chr10	43623618	43623739	PASS	661	661	430	641	249	0	0.623
PTENExon5_0053	chr10	89692758	89692874	PASS	548	427	427	424	413	0.002	0.166
PTENExon5_0054	chr10	89692856	89692967	FLAG	768	341	121	337	4	0.002	0.984
PTENExon5_0055	chr10	89692959	89693075	FLAG	341	220	219	218	6	0	0.981
PTENExon6_0056	chr10	89711865	89711986	PASS	491	491	182	486	179	0	0.579
PTENExon6_0057	chr10	89711912	89712023	PASS	491	491	308	486	298	0	0.371
PTENExon7_0058	chr10	89717580	89717701	PASS	549	336	336	335	324	0	0.176
PTENExon7_0059	chr10	89717673	89717784	PASS	550	215	213	213	206	0	0.378
PTENExon8_0060	chr10	89720633	89720754	FLAG	847	45	45	45	41	0.032	0.785
PTENExon8_0061	chr10	89720724	89720845	PASS	849	804	235	790	222	0.03	0.421
PTENExon8_0062	chr10	89720775	89720891	PASS	817	803	614	787	591	0.009	0.09
WT1Exon11_0064	chr11	32413506	32413617	FLAG	62	62	62	62	59	0	0.048
WT1_exon8_0001	chr11	32414196	32414307	PASS	681	681	680	675	657	0	0.035
WT1Exon7_0065	chr11	32417768	32417879	PASS	510	295	292	292	223	0	0.562
WT1Exon7_0066	chr11	32417852	32417963	PASS	510	218	217	218	203	0	0.245
WT1_exon6_0002	chr11	32421488	32421599	FLAG	131	131	131	129	0	0	1
CBLExon4_0067	chr11	119144572	119144693	FLAG	2016	1503	1447	1442	47	0	0.968
CBLExon4_0068	chr11	119144654	119144770	PASS	2015	880	569	588.5	550	0	0.639
CBLExon5_0069	chr11	119145509	119145625	PASS	1409	335.5	291	292.5	282	0	0.5
CBLExon5_0070	chr11	119145595	119145706	PASS	1409	1118	1118	1115	317	0	0.775
CBLExon6_0072	chr11	119146754	119146875	FLAG	205	205	205	203	10	0	0.951
CBLExon8_0074	chr11	119148846	119148962	PASS	796	506	505	503	126	0	0.773
CBLExon8_0075	chr11	119148951	119149072	FLAG	796	252	252	251	7	0	0.972
CBLExon9_0076	chr11	119149200	119149311	PASS	894	373	373	369	143	0	0.831
CBLExon9_0077	chr11	119149296	119149412	PASS	1218	841	838	837	346	0	0.589
CBLExon9_0078	chr11	119149345	119149456	PASS	841	841	324	831	309	0	0.589
ETV6Exon1_0079	chr12	11803008	11803119	PASS	140	140	140	139	131	0	0.064
ETV6Exon3_0080	chr12	11992061	11992182	PASS	473	303	301	301	287	0	0.11
ETV6Exon3_0081	chr12	11992168	11992284	PASS	473	170	170	169	161	0	0.268
ETV6Exon5_0082	chr12	12022329	12022445	PASS	640	326	325	325	317	0	0.196
ETV6Exon5_0083	chr12	12022419	12022530	PASS	719	392	314	387	295	0	0.44
ETV6Exon5_0084	chr12	12022524	12022645	FLAG	492	176	77	171	7	0	0.91
ETV6Exon5_0085	chr12	12022615	12022726	FLAG	585	176	86	167	79	0	0.584
ETV6Exon5_0086	chr12	12022723	12022844	FLAG	843	423	408	407	14	0	0.966
ETV6Exon5_0087	chr12	12022832	12022948	FLAG	757	350	349	347	54	0	0.923
ETV6Exon6_0088	chr12	12037373	12037484	FLAG	475	88	83	82	75	0	0.762
ETV6Exon6_0089	chr12	12037453	12037569	FLAG	475	389	386	385	20	0	0.948
ETV6Exon7_0090	chr12	12038851	12038962	FLAG	361	361	361	359	48	0	0.867
ETV6Exon7_0091	chr12	12038857	12038968	FLAG	361	361	361	359	48	0	0.867
ETNK1Exon3_0092	chr12	22811938	22812054	PASS	342	341	292	337	287	0	0.058
ETNK1Exon3_0093	chr12	22812008	22812119	FLAG	342	341	49	333	47	0	0.632
KRASExon5_0094	chr12	25362716	25362827	FLAG	215	214	24	212	23	0	0.643
KRASExon5_0095	chr12	25362772	25362883	PASS	215	215	191	213	187	0	0.08
KRASExon4_0096	chr12	25378513	25378629	FLAG	76	76	76	76	72	0	0.053
KRASExon3_0098	chr12	25380145	25380266	PASS	278	175	175	175	170	0	0.18
KRASExon3_0099	chr12	25380262	25380378	FLAG	277	103	103	103	4	0	0.963
KRASExon2_0100	chr12	25398175	25398286	FLAG	429	326	326	325	17	0	0.948
KRASExon2_0101	chr12	25398284	25398395	FLAG	429	103	103	103	4	0	0.961
SH2B3Exon3_0111	chr12	111884544	111884655	PASS	1147	1147	529	1132	515	0	0.523
SH2B3Exon3_0112	chr12	111884592	111884703	PASS	1352	1146	616	1129	547	0	0.523
SH2B3Exon4_0113	chr12	111884714	111884825	PASS	1367	755	728	744	219	0	0.701
SH2B3Exon4_0114	chr12	111884740	111884851	PASS	755	747	533	740	219	0	0.701
SH2B3Exon5_0115	chr12	111884895	111885006	PASS	2658	1234	1233	1230	1187	0	0.209
SH2B3Exon5_0116	chr12	111884989	111885100	PASS	2659	1424	1421	1414	800	0	0.692
SH2B3Exon6_0117	chr12	111885124	111885235	FLAG	1464	1463	1461	1447	48	0	0.967
SH2B3Exon6_0119	chr12	111885288	111885404	FLAG	38	36	36	33	2	0	0.947
SH2B3Exon7_0120	chr12	111885441	111885552	PASS	564	292	290	290	273	0	0.201
SH2B3Exon7_0121	chr12	111885526	111885637	PASS	563	272	272	270	254	0	0.467
SH2B3Exon8_0122	chr12	111885753	111885869	PASS	901	207	207	206	197	0	0.455
SH2B3Exon8_0123	chr12	111885856	111885972	PASS	1686	901	695	894	663	0	0.191
SH2B3Exon8_0124	chr12	111885941	111886052	PASS	2484	1788	1177	1734	727	0	0.548
SH2B3Exon8_0125	chr12	111886014	111886125	PASS	1794	1664	1007	1128	809	0	0.548
PTPN11Exon3_0126	chr12	112888105	112888216	PASS	447	275	274	272	266	0.021	0.327
PTPN11Exon3_0127	chr12	112888213	112888334	FLAG	449	168	168	167	6	0.02	0.964
PTPN11Exon13_0128	chr12	112926798	112926914	PASS	1333	993	992	990	350	0.002	0.737
PTPN11Exon13_0129	chr12	112926883	112926994	PASS	1332	427	337	347	316	0.002	0.562
PTPN11Exon14_0130	chr12	112939930	112940041	FLAG	821	744	744	739	21	0	0.972
PTPN11Exon14_0131	chr12	112940039	112940150	FLAG	821	79	78	78	75	0	0.713
FLT3Exon20_0132	chr13	28592571	28592682	PASS	775	481	480	479	312	0	0.597
FLT3Exon20_0133	chr13	28592662	28592773	PASS	776	295	295	295	285	0	0.381
FLT3Exon16_0134	chr13	28602308	28602419	PASS	632	552	549	549	523	0	0.104
FLT3Exon16_0135	chr13	28602389	28602500	FLAG	632	150	80	85	76	0	0.636
FLT3Exon15_0136	chr13	28608011	28608122	PASS	1332	1332	982	1319	952	0	0.252
FLT3Exon15_0137	chr13	28608059	28608170	PASS	1332	1332	350	1320	338	0	0.551
FLT3Exon14_0138	chr13	28608196	28608307	PASS	1482	1482	279	1465	271	0	0.533
FLT3Exon14_0139	chr13	28608256	28608372	FLAG	1482	1480	1145	1465	22	0	0.981
IDH2Exon4_0140	chr15	90631796	90631907	FLAG	1124	400	400	398	28	0	0.93
IDH2Exon4_0141	chr15	90631888	90631999	FLAG	1124	724	724	720	30	0	0.959
TP53_NM_001126115_0142	chr17	7572900	7573011	FLAG	477	477	475	469	51	0	0.893
TP53_NM_001126115_0143	chr17	7573925	7574036	PASS	372	368	367	366	354	0	0.035
TP53_NM_001126114_0144	chr17	7576535	7576646	PASS	438	438	298	432	143	0	0.674
TP53_NM_001126114_0145	chr17	7576595	7576706	PASS	438	438	140	432	135	0	0.674
TP53_NM_001126114_0146	chr17	7576819	7576930	PASS	447	445	445	442	427	0	0.04
TP53_NM_001126114_0147	chr17	7576997	7577108	PASS	1942	1424	1423	1412	1367	0	0.088
TP53_NM_001126114_0148	chr17	7577103	7577224	FLAG	1939	517	517	514	23	0	0.956
TP53_NM_001126114_0150	chr17	7577532	7577643	PASS	2634	2630	2588	2606	2522	0	0.037
TP53_NM_001126114_0151	chr17	7578172	7578283	FLAG	2806	2801	1589	2745	86	0	0.946
TP53_NM_001126114_0152	chr17	7578246	7578357	PASS	3314	1720	1212	1711	1173	0	0.511
TP53_NM_001126114_0153	chr17	7578362	7578473	PASS	2392	1171	507	1065	486	0.001	0.666
TP53_NM_001126114_0154	chr17	7578449	7578560	PASS	1181	675	674	670	653	0.001	0.211
TP53_NM_001126114_0155	chr17	7579282	7579393	FLAG	1929	1924	1901	1905	76	0	0.96
TP53_NM_001126114_0156	chr17	7579363	7579474	FLAG	3103	1172	2	1153	1	0	0.971
TP53_NM_001126114_0157	chr17	7579460	7579581	PASS	3565	3558	1169	3484	1108	0	0.334
TP53_NM_001126114_0158	chr17	7579521	7579637	PASS	3560	3558	2381	3482.5	2311	0	0.293
TP53_NM_001126114_0159	chr17	7579697	7579808	FLAG	135	21	21	21	1	0	0.952
TP53_NM_001126114_0160	chr17	7579803	7579914	FLAG	141	103	97	100	7	0	0.932
NF1Exon2_0161	chr17	29482995	29483106	PASS	397	397	186	391	176	0	0.511
NF1Exon2_0162	chr17	29483042	29483153	PASS	397	397	211	390	194	0	0.511
NF1Exon4_0163	chr17	29490178	29490299	PASS	311	110	110	110	104	0	0.314
NF1Exon4_0165	chr17	29490321	29490442	PASS	215	203	182	200	177	0	0.074
NF1Exon5_0167	chr17	29496987	29497098	FLAG	328	321	321	320	3	0	0.991
NF1Exon8_0169	chr17	29509494	29509610	FLAG	583	241	241	241	5	0	0.979
NF1Exon8_0170	chr17	29509589	29509710	PASS	583	342	342	341	334	0	0.4
NF1Exon9_0171	chr17	29527407	29527518	FLAG	754	66	66	66	62	0.003	0.787
NF1Exon9_0172	chr17	29527488	29527599	PASS	754	688	687	686	300	0.001	0.569
NF1Exon9_0173	chr17	29527510	29527621	PASS	754	688	687	684	300	0.001	0.569
NF1Exon12_0175	chr17	29533351	29533462	FLAG	350	100	100	100	89	0	0.413
NF1Exon13_0176	chr17	29541456	29541577	FLAG	156	153	68	73	65	0	0.551
NF1Exon13_0177	chr17	29541540	29541661	FLAG	156	97	88	88	70	0	0.551
NF1Exon14_0178	chr17	29546017	29546128	PASS	598	590	400	507	198	0	0.668
NF1Exon14_0179	chr17	29546087	29546198	PASS	598	596	196	584	189	0	0.668
NF1Exon17_0181	chr17	29552078	29552189	FLAG	291	288	288	286	1	0	0.997
NF1Exon18_0183	chr17	29553434	29553555	PASS	245	243	241	240	228	0	0.058
NF1Exon18_0184	chr17	29553536	29553647	FLAG	635	245	2	242	1	0.012	0.962
NF1Exon18_0185	chr17	29553620	29553731	PASS	392	386	386	385	370	0.003	0.041
NF1Exon19_0186	chr17	29554213	29554324	FLAG	86	86	86	86	80	0	0.07
NF1Exon21_0187	chr17	29556037	29556158	PASS	177	140	139	139	132	0.014	0.074
NF1Exon21_0188	chr17	29556139	29556255	FLAG	292	152	37	148	35	0.027	0.614
NF1Exon21_0189	chr17	29556251	29556362	FLAG	290	153	116	146	3	0.007	0.974
NF1Exon21_0190	chr17	29556345	29556466	FLAG	364	247	136	245	48	0.004	0.803
NF1Exon21_0191	chr17	29556430	29556541	PASS	247	117	108	108	103	0	0.459
NF1Exon22_0192	chr17	29556822	29556938	FLAG	426	286	286	283	5	0.01	0.983
NF1Exon22_0193	chr17	29556931	29557042	PASS	427	140	139	140	137	0.009	0.347
NF1Exon25_0195	chr17	29559057	29559168	PASS	774	476	463	465	348	0	0.323
NF1Exon25_0196	chr17	29559135	29559246	FLAG	770	309	309	309	4	0	0.987
NF1Exon27_0197	chr17	29559991	29560112	PASS	188	120	120	119	115	0	0.31
NF1Exon27_0198	chr17	29560090	29560211	FLAG	232	107	104	107	61	0	0.43
NF1Exon27_0199	chr17	29560150	29560261	FLAG	107	104	44	103	42	0	0.43
NF1Exon33_0209	chr17	29586048	29586159	PASS	295	295	289	293	280	0	0.031
NF1Exon34_0210	chr17	29587357	29587468	FLAG	624	582	90	365	87	0	0.837
NF1Exon34_0211	chr17	29587428	29587549	FLAG	624	624	534	536	3	0	0.994
NF1Exon35_0212	chr17	29588695	29588811	FLAG	401	232	231	231	18	0	0.922
NF1Exon35_0213	chr17	29588809	29588930	FLAG	401	169	167	168	5	0	0.97
NF1Exon36_0214	chr17	29592216	29592327	PASS	485	191	191	188	183	0.01	0.36
NF1Exon36_0215	chr17	29592324	29592435	PASS	485	294	293	293	286	0.004	0.359
NF1Exon37_0216	chr17	29652818	29652929	FLAG	202	35	15	19	13	0	0.813
NF1Exon37_0217	chr17	29652900	29653011	PASS	485	202	187	200	182	0	0.59
NF1Exon37_0218	chr17	29653006	29653117	FLAG	544	291	283	283	15	0	0.947
NF1Exon37_0219	chr17	29653111	29653222	FLAG	1177	354	74	348	2	0	0.973
NF1Exon37_0220	chr17	29653211	29653327	PASS	897	823	823	820	797	0	0.07
NF1Exon38_0221	chr17	29654509	29654630	FLAG	1173	910	910	906	41	0	0.955
NF1Exon38_0222	chr17	29654607	29654723	PASS	1616	706	263	698.5	253	0	0.696
NF1Exon38_0223	chr17	29654693	29654804	PASS	910	678	639	645	278	0	0.606
NF1Exon38_0224	chr17	29654767	29654888	PASS	647	206	206	206	197	0	0.511
NF1Exon39_0226	chr17	29657388	29657499	FLAG	473	385	385	385	17	0	0.958
NF1Exon39_0227	chr17	29657473	29657594	FLAG	473	82	82	82	79	0	0.551
NF1Exon40_0228	chr17	29661828	29661939	FLAG	533	271	271	270	3	0	0.989
NF1Exon40_0229	chr17	29661928	29662039	PASS	852	533	253	528	245	0	0.444
NF1Exon40_0230	chr17	29662012	29662123	FLAG	572	300	300	300	13	0	0.957
NF1Exon42_0231	chr17	29663624	29663740	FLAG	301	84	81	84	80	0	0.383
NF1Exon42_0232	chr17	29663719	29663840	PASS	397	301	217	296	208	0	0.114
NF1Exon42_0233	chr17	29663828	29663949	FLAG	313	95	95	95	1	0	0.99
NF1Exon43_0234	chr17	29664370	29664481	PASS	403	203	203	202	198	0	0.12
NF1Exon43_0235	chr17	29664464	29664580	PASS	404	187	186	187	146	0	0.219
NF1Exon43_0236	chr17	29664495	29664606	PASS	403	187	145	186	141	0	0.219
NF1Exon45_0237	chr17	29665037	29665148	PASS	388	388	194	384	192	0	0.487
NF1Exon45_0238	chr17	29665081	29665192	PASS	388	388	194	384	190	0	0.487
NF1Exon47_0239	chr17	29667511	29667627	PASS	303	303	179	298	173	0	0.378
NF1Exon47_0240	chr17	29667566	29667677	PASS	303	303	124	298	119	0	0.3
NF1Exon49_0241	chr17	29676120	29676241	FLAG	1588	708	707	706	23	0	0.978
NF1Exon49_0242	chr17	29676226	29676347	PASS	1589	881	880	877	817	0	0.218
NF1Exon50_0243	chr17	29677193	29677309	PASS	491	194	189	189	181	0	0.446
NF1Exon50_0244	chr17	29677274	29677390	FLAG	491	348.5	297	301.5	9	0	0.97
NF1Exon53_0246	chr17	29684007	29684128	FLAG	169	167	162	166	17	0	0.898
NF1Exon55_0248	chr17	29685577	29685688	FLAG	189	176	176	176	15	0	0.915
NF1Exon58_0249	chr17	29701005	29701116	FLAG	299	79	79	79	74	0	0.5
NF1Exon58_0250	chr17	29701105	29701216	PASS	299	220	220	219	214	0	0.151
SRSF2Exon1_0253	chr17	74732991	74733102	FLAG	67	5	5	5	5	0	0.82
SRSF2Exon1_0254	chr17	74733071	74733182	FLAG	69	64	62	63	58	0	0.09
SETBP1Exon2_0256	chr18	42281279	42281390	PASS	1139	989	988	983	170	0	0.851
SETBP1Exon2_0257	chr18	42281363	42281479	PASS	1523	527	150	394.5	142	0	0.682
SETBP1Exon2_0258	chr18	42281477	42281593	PASS	767	536	387	514.5	270	0	0.562
SETBP1Exon2_0259	chr18	42281571	42281687	PASS	790	382	230	379	159	0	0.584
SETBP1Exon2_0261	chr18	42281714	42281825	PASS	456	455	275	444	261	0	0.257
SETBP1Exon3_0262	chr18	42449145	42449256	FLAG	209	209	209	207	2	0	0.99
SETBP1Exon4_0263	chr18	42529839	42529960	FLAG	909	516	515	513	21	0	0.959
SETBP1Exon4_0264	chr18	42529939	42530050	PASS	1135	618	392	607	386	0	0.528
SETBP1Exon4_0265	chr18	42530041	42530152	PASS	872	479	225	468	218	0	0.6
SETBP1Exon4_0266	chr18	42530130	42530241	PASS	931	479	246	476	239	0	0.323
SETBP1Exon4_0267	chr18	42530222	42530338	PASS	1507	698	454	689.5	279	0	0.601
SETBP1Exon4_0268	chr18	42530319	42530430	PASS	1266	811	807	805	780	0	0.343
SETBP1Exon4_0270	chr18	42530485	42530601	PASS	967	860	856	854	832	0	0.1
SETBP1Exon4_0271	chr18	42530574	42530685	PASS	1130	274	109	274	106	0	0.713
SETBP1Exon4_0272	chr18	42530655	42530776	PASS	430	274	144	273	141	0	0.26
SETBP1Exon4_0273	chr18	42530746	42530857	PASS	597	300	166	299	155	0	0.341
SETBP1Exon4_0274	chr18	42530828	42530949	PASS	504	345	294	343	287	0	0.248
SETBP1Exon4_0275	chr18	42530932	42531048	FLAG	999	345	48	342	46	0	0.813
SETBP1Exon4_0276	chr18	42531018	42531129	FLAG	939	702	603	698	91	0	0.87
SETBP1Exon4_0277	chr18	42531104	42531215	PASS	1075	437	199	430	190	0	0.54
SETBP1Exon4_0278	chr18	42531208	42531319	FLAG	771	437	215	429	10	0	0.953
SETBP1Exon4_0279	chr18	42531288	42531399	FLAG	636	422	334	417	10	0	0.97
SETBP1Exon4_0280	chr18	42531392	42531513	FLAG	593	101	89	89	84	0	0.486
SETBP1Exon4_0281	chr18	42531509	42531620	FLAG	597	258	173	208	15	0	0.914
SETBP1Exon4_0282	chr18	42531605	42531721	PASS	1176	507	334	501.5	108	0	0.779
SETBP1Exon4_0283	chr18	42531701	42531812	PASS	1318	972	667	931	647	0	0.242
SETBP1Exon4_0284	chr18	42531805	42531921	FLAG	1234	323.5	317	317	34	0	0.893
SETBP1Exon4_0285	chr18	42531915	42532026	PASS	873	251	250	250	240	0	0.403
SETBP1Exon4_0286	chr18	42532024	42532140	FLAG	1102	555	304	549.5	4	0	0.987
SETBP1Exon4_0287	chr18	42532111	42532227	PASS	1641	850	545	847.5	324	0	0.619
SETBP1Exon4_0288	chr18	42532198	42532309	PASS	1425	880	791	875	572	0	0.572
SETBP1Exon4_0289	chr18	42532302	42532418	FLAG	1095	303	88	295	3	0	0.966
SETBP1Exon4_0290	chr18	42532389	42532510	PASS	1082	303	215	302	211	0	0.45
SETBP1Exon4_0291	chr18	42532480	42532591	PASS	1303	994	778	984	251	0	0.747
SETBP1Exon4_0292	chr18	42532582	42532693	PASS	1574	470	307	320	293	0	0.708
SETBP1Exon4_0293	chr18	42532684	42532795	PASS	1024	715	487	622	474	0	0.307
SETBP1Exon4_0294	chr18	42532772	42532893	PASS	1043	554	230	546	220	0	0.44
SETBP1Exon4_0295	chr18	42532870	42532991	PASS	1031	554	326	541	305	0	0.407
SETBP1Exon4_0296	chr18	42532977	42533093	PASS	1133	801	474	715.5	459	0	0.392
SETBP1Exon4_0297	chr18	42533064	42533175	PASS	908	422	320	415	250	0	0.461
SETBP1Exon4_0298	chr18	42533148	42533259	FLAG	680	338	80	337	78	0	0.564
SETBP1Exon4_0299	chr18	42533236	42533347	FLAG	338	250	250	250	6	0	0.976
SETBP1Exon5_0300	chr18	42618439	42618560	FLAG	1558	626	626	623	9	0	0.986
SETBP1Exon5_0301	chr18	42618548	42618669	PASS	1559	928	927	924	897	0	0.362
SETBP1Exon6_0305	chr18	42643038	42643149	PASS	181	124	124	124	118	0	0.279
SETBP1Exon6_0306	chr18	42643118	42643229	FLAG	205	81	60	81	55	0	0.379
SETBP1Exon6_0307	chr18	42643200	42643316	FLAG	164	81	23	81	19	0	0.309
SETBP1Exon6_0308	chr18	42643295	42643406	FLAG	107	82	81	82	75	0	0.233
SETBP1Exon6_0309	chr18	42643608	42643719	FLAG	69	69	69	68	1	0	0.986
CALRExon9_0332	chr19	13054500	13054611	PASS	624	493	493	491	469	0	0.16
CALRExon9_0333	chr19	13054584	13054695	FLAG	693	183	114	182	70	0	0.615
CALRExon9_0334	chr19	13054671	13054782	FLAG	183	68	68	68	62	0	0.307
U2AF2Exon5_0335	chr19	56172374	56172495	FLAG	161	161	36	154	32	0	0.77
U2AF2Exon5_0336	chr19	56172451	56172572	FLAG	161	158	113	131	37	0	0.77
U2AF2Exon6_0337	chr19	56173858	56173969	PASS	368	367	172	362	163	0	0.535
U2AF2Exon6_0338	chr19	56173881	56173992	PASS	368	367	202	361	171	0	0.535
U2AF2Exon11_0339	chr19	56180789	56180900	FLAG	372	74	49	49	1	0	0.98
U2AF2Exon11_0340	chr19	56180869	56180980	PASS	538	372	323	371	318	0	0.263
U2AF2Exon11_0341	chr19	56180953	56181064	FLAG	489	165	165	165	5	0	0.97
DNMT3A_0001	chr2	25457097	25457208	FLAG	506	405	27	399	22	0	0.752
DNMT3A_0002	chr2	25457157	25457273	PASS	506	484	405	479.5	394	0	0.171
DNMT3A_0003	chr2	25457193	25457304	FLAG	506	475	96	472	94	0	0.675
DNMT3AExon23_0343	chr2	25457193	25457304	FLAG	506	475	96	472	94	0	0.675
DNMT3A_0004	chr2	25458525	25458636	PASS	614	608	487	597	431	0	0.192
DNMT3A_0005	chr2	25458585	25458696	PASS	608	607	118	595	112	0	0.769
DNMT3A_0006	chr2	25459754	25459865	PASS	620	619	165	611	158	0	0.663
DNMT3A_0007	chr2	25459797	25459908	PASS	619	619	454	612	447	0	0.177
DNMT3A_0008	chr2	25461948	25462059	FLAG	116	116	32	113	31	0	0.367
DNMT3A_0009	chr2	25461998	25462109	FLAG	116	116	80	113	76	0	0.216
DNMT3A_0010	chr2	25463120	25463231	FLAG	834	315	186	307	6	0	0.969
DNMT3A_0011	chr2	25463180	25463296	PASS	857	664	315	652.5	194	0	0.422
DNMT3A_0012	chr2	25463244	25463360	FLAG	856	664	542	647	16	0	0.97
DNMT3A_0013	chr2	25463458	25463569	FLAG	135	135	49	133	46	0	0.447
DNMT3A_0014	chr2	25463492	25463603	FLAG	135	135	83	133	81	0	0.385
DNMT3A_0015	chr2	25464380	25464496	FLAG	510	418	232	406.5	15	0	0.935
DNMT3A_0016	chr2	25464445	25464566	PASS	510	418	258	409	251	0	0.397
DNMT3A_0017	chr2	25464491	25464612	FLAG	510	258	67	256	63	0	0.669
DNMT3A_0018	chr2	25466716	25466827	FLAG	110	110	63	108	4	0	0.937
DNMT3A_0019	chr2	25466773	25466884	FLAG	110	110	43	108	41	0	0.417
DNMT3A_0020	chr2	25466973	25467089	FLAG	407	397	378	386	32	0	0.915
DNMT3A_0021	chr2	25467038	25467159	PASS	571	397	194	383	182	0	0.472
DNMT3A_0022	chr2	25467108	25467219	PASS	526	193	173	185	148	0	0.454
DNMT3A_0023	chr2	25467358	25467469	PASS	603	603	320	589	291	0	0.517
DNMT3A_0024	chr2	25467418	25467529	PASS	603	603	283	588	271	0	0.517
DNMT3A_0025	chr2	25468071	25468182	FLAG	232	232	95	229	90	0	0.537
DNMT3A_0026	chr2	25468116	25468227	PASS	232	232	137	229	134	0	0.38
DNMT3A_0027	chr2	25468834	25468945	FLAG	160	160	159	158	14	0	0.913
DNMT3A_0028	chr2	25468978	25469089	PASS	1154	651	217	642	199	0	0.47
DNMT3A_0029	chr2	25469038	25469159	PASS	1154	806	651	740	626	0	0.442
DNMT3A_0030	chr2	25469071	25469192	PASS	1154	733	301	729	293	0	0.549
DNMT3A_0031	chr2	25469438	25469554	FLAG	98	77	59	75	55	0	0.153
DNMT3A_0032	chr2	25469503	25469614	FLAG	98	77	39	76	37	0	0.347
DNMT3A_0033	chr2	25469556	25469667	FLAG	98	39	21	39	19	0	0.405
DNMT3A_0034	chr2	25469869	25469980	FLAG	237	236	84	233	2	0	0.976
DNMT3A_0035	chr2	25469929	25470040	FLAG	237	237	153	234	10	0	0.935
DNMT3A_0036	chr2	25470409	25470525	PASS	160	156	122	148	108	0	0.199
DNMT3A_0037	chr2	25470474	25470585	FLAG	160	156	32	141	29	0	0.595
DNMT3A_0038	chr2	25470524	25470645	FLAG	160	32	5	30	2	0	0.714
DNMT3A_0039	chr2	25470855	25470976	PASS	2044	154	112	146	106	0	0.227
DNMT3A_0040	chr2	25470925	25471041	PASS	2151	276	154	274	145	0	0.464
DNMT3A_0041	chr2	25470990	25471101	PASS	2151	276	243	272	148	0	0.464
DNMT3A_0042	chr2	25471014	25471125	PASS	277	243	103	243	103	0	0.526
DNMT3A_0043	chr2	25472475	25472586	FLAG	189	188	54	184	51	0	0.681
DNMT3A_0044	chr2	25472527	25472638	FLAG	189	188	128	183	60	0	0.681
DNMT3A_0046	chr2	25474730	25474846	FLAG	70	28	12	28	1	0	0.923
DNMT3A_0045	chr2	25474786	25474907	FLAG	72	60	28	51	12	0	0.585
DNMT3A_0047	chr2	25474856	25474977	FLAG	72	60	44	53	7	0	0.841
DNMT3A_0048	chr2	25475019	25475130	FLAG	18	18	18	18	16	0	0.111
DNMT3A_0049	chr2	25497759	25497870	FLAG	367	204	145	198	14	0	0.903
DNMT3A_0050	chr2	25497819	25497930	PASS	369	206	204	203	191	0	0.306
DNMT3A_0051	chr2	25497869	25497980	FLAG	369	206	164	202	25	0	0.876
DNMT3A_0052	chr2	25498315	25498426	PASS	456	455	453	451	439	0	0.037
DNMT3A_0053	chr2	25505206	25505317	FLAG	170	81	47	79	44	0	0.333
DNMT3A_0054	chr2	25505266	25505382	FLAG	243	81	59	81	41	0	0.305
DNMT3A_0055	chr2	25505331	25505442	FLAG	255	90	59	90	30	0	0.667
DNMT3A_0056	chr2	25505391	25505512	FLAG	167	90	79	90	30	0	0.667
DNMT3A_0057	chr2	25505461	25505572	FLAG	99	79	35	77	21	0	0.562
DNMT3A_0058	chr2	25505509	25505620	FLAG	99	35	20	34	13	0	0.618
DNMT3A_0059	chr2	25522957	25523068	PASS	219	219	123	214	117	0	0.267
DNMT3A_0060	chr2	25523002	25523113	FLAG	219	218	95	213	86	0	0.4
DNMT3A_0061	chr2	25536780	25536891	FLAG	70	69	68	67	57	0	0.162
ASXL2Exon12_0344	chr2	25964873	25964989	FLAG	416	272	271	270	52	0	0.873
ASXL2Exon12_0345	chr2	25964970	25965091	PASS	623	349	142	345	134	0	0.435
ASXL2Exon12_0346	chr2	25965075	25965186	FLAG	351	209	207	207	4	0	0.981
ASXL2Exon12_0347	chr2	25965182	25965293	FLAG	215	7	1	2	0	0	1
ASXL2Exon12_0348	chr2	25965282	25965403	FLAG	217	7	6	7	5	0	0.928
ASXL2Exon12_0349	chr2	25965393	25965504	PASS	382	216	210	215	204	0	0.419
ASXL2Exon12_0350	chr2	25965476	25965592	PASS	551	341	166	338.5	162	0	0.401
ASXL2Exon12_0351	chr2	25965574	25965690	PASS	460	294	175	291	161	0	0.528
ASXL2Exon12_0352	chr2	25965679	25965790	FLAG	417	241	118	237	6	0	0.957
ASXL2Exon12_0353	chr2	25965761	25965872	PASS	322	204	123	203	119	0	0.348
ASXL2Exon12_0354	chr2	25965857	25965973	FLAG	308	184	80	114.5	1	0	0.988
ASXL2Exon12_0355	chr2	25965971	25966087	FLAG	251	104	104	104	5	0	0.952
ASXL2Exon12_0356	chr2	25966085	25966196	FLAG	410	165	67	117	65	0	0.742
ASXL2Exon12_0357	chr2	25966179	25966290	PASS	977	306	239	305	235	0	0.669
ASXL2Exon12_0358	chr2	25966264	25966375	PASS	1212	910	670	904	319	0	0.672
ASXL2Exon12_0359	chr2	25966345	25966456	PASS	1174	504	302	502	160	0	0.681
ASXL2Exon12_0360	chr2	25966438	25966549	PASS	647	343	200	336	195	0	0.352
ASXL2Exon12_0361	chr2	25966533	25966654	PASS	844	340	131	287	123	0	0.603
ASXL2Exon12_0362	chr2	25966649	25966765	FLAG	1224	520	494	495.5	22	0	0.956
ASXL2Exon12_0363	chr2	25966759	25966870	PASS	1164	664	592	649	100	0	0.849
ASXL2Exon12_0364	chr2	25966839	25966950	FLAG	756	170	78	169	72	0	0.654
ASXL2Exon12_0365	chr2	25966935	25967046	FLAG	373	170	94	170	91	0	0.378
ASXL2Exon12_0366	chr2	25967015	25967131	FLAG	385	291	203	287	99	0	0.664
ASXL2Exon12_0367	chr2	25967129	25967240	FLAG	617	288	86	223	82	0	0.628
ASXL2Exon12_0368	chr2	25967215	25967326	FLAG	477	389	326	358	5	0	0.985
ASXL2Exon12_0369	chr2	25967324	25967445	FLAG	391	65	65	65	0	0	1
ASXL2Exon11_0370	chr2	25972537	25972648	PASS	315	148	148	147	139	0	0.51
ASXL2Exon11_0371	chr2	25972626	25972737	FLAG	367	198	146	197	55	0	0.722
ASXL2Exon11_0372	chr2	25972715	25972826	FLAG	723	197	52	194	51	0	0.823
ASXL2Exon11_0373	chr2	25972819	25972935	PASS	782	574	525	544	108	0	0.85
ASXL2Exon11_0374	chr2	25972916	25973032	PASS	1114	560.5	198	398.5	192	0	0.617
ASXL2Exon11_0375	chr2	25973028	25973139	PASS	672	474	383	468	105	0	0.778
ASXL2Exon11_0376	chr2	25973117	25973228	FLAG	574	191	190	191	90	0	0.529
ASXL2Exon11_0377	chr2	25973176	25973287	FLAG	191	190	100	188	90	0	0.529
SF3B1Exon24_0378	chr2	198257671	198257782	PASS	226	131	129	131	125	0	0.144
SF3B1Exon24_0379	chr2	198257767	198257878	FLAG	492	226	95	218	93	0	0.532
SF3B1Exon24_0380	chr2	198257875	198257996	PASS	361	266	266	265	259	0	0.245
SF3B1Exon23_0381	chr2	198260773	198260889	FLAG	223	57	56	57	53	0	0.474
SF3B1Exon23_0382	chr2	198260870	198260981	PASS	291	223	168	223	165	0	0.153
SF3B1Exon23_0383	chr2	198260949	198261060	FLAG	236	121	68	77	63	0	0.43
SF3B1Exon21_0386	chr2	198263173	198263284	PASS	302	302	124	298	122	0	0.404
SF3B1Exon21_0387	chr2	198263204	198263315	PASS	302	302	178	298	177	0	0.404
SF3B1Exon20_0388	chr2	198264752	198264863	FLAG	185	119	119	119	4	0	0.969
SF3B1Exon20_0389	chr2	198264852	198264963	FLAG	363	86	66	66	2	0	0.98
SF3B1Exon19_0390	chr2	198264959	198265075	PASS	302	178	178	178	171	0	0.237
SF3B1Exon19_0391	chr2	198265073	198265189	FLAG	235	58	58	58	0	0	1
SF3B1Exon18_0393	chr2	198265529	198265640	PASS	340	339	201	336	193	0	0.368
SF3B1Exon18_0394	chr2	198265565	198265686	PASS	339	339	139	336	135	0	0.548
SF3B1Exon17_0395	chr2	198266097	198266218	FLAG	131	131	28	128	25	0	0.333
SF3B1Exon17_0396	chr2	198266163	198266279	FLAG	131	131	101	127	99	0	0.175
SF3B1Exon16_0397	chr2	198266435	198266551	FLAG	77	77	77	77	1	0	0.987
SF3B1Exon15_0399	chr2	198266677	198266788	FLAG	154	96	92	92	86	0	0.186
SF3B1Exon15_0400	chr2	198266759	198266880	FLAG	154	62	62	62	59	0	0.244
SF3B1Exon14_0401	chr2	198267245	198267366	FLAG	215	173	173	172	54	0	0.749
SF3B1Exon14_0402	chr2	198267337	198267448	FLAG	532	215	43	206	41	0	0.586
SF3B1Exon14_0403	chr2	198267422	198267538	PASS	359	314	203	312	186	0	0.423
SF3B1Exon14_0404	chr2	198267447	198267563	PASS	359	314	169	311	165	0	0.423
SF3B1Exon12_0406	chr2	198268293	198268404	PASS	913	799	797	796	776	0	0.107
SF3B1Exon12_0407	chr2	198268390	198268501	FLAG	913	108	108	108	4	0	0.963
SF3B1Exon10_0410	chr2	198269970	198270081	PASS	481	345	343	343	103	0	0.785
SF3B1Exon10_0411	chr2	198270062	198270178	PASS	706	360	191	359	133	0	0.611
SF3B1Exon10_0412	chr2	198270129	198270245	PASS	360	360	226	355	140	0	0.611
SF3B1Exon9_0413	chr2	198272703	198272814	FLAG	796	450	450	446	7	0	0.984
SF3B1Exon9_0414	chr2	198272809	198272925	FLAG	794	346	346	345	12	0	0.965
SF3B1Exon8_0415	chr2	198273071	198273182	FLAG	502	88	88	88	85	0	0.348
SF3B1Exon8_0416	chr2	198273168	198273279	PASS	504	416	283	414	280	0	0.387
SF3B1Exon8_0417	chr2	198273201	198273317	PASS	501	416	215	412	211	0	0.342
SF3B1Exon7_0418	chr2	198274488	198274609	PASS	1113	819	817	813	781	0	0.177
SF3B1Exon7_0419	chr2	198274598	198274709	PASS	1203	387	387	385	373	0	0.367
SF3B1Exon6_0421	chr2	198281457	198281568	PASS	1582	933	931	926	899	0	0.294
SF3B1Exon6_0422	chr2	198281565	198281686	FLAG	1575	649	649	647	22	0	0.966
IDH1Exon4_0423	chr2	209113063	209113184	PASS	884	432	432	430	416	0	0.228
IDH1Exon4_0424	chr2	209113156	209113267	PASS	1110	678	452	675	375	0	0.574
IDH1Exon4_0425	chr2	209113236	209113347	FLAG	945	490	226	442	4	0	0.982
IDH1Exon4_0426	chr2	209113344	209113465	FLAG	494	268	268	267	9	0	0.966
ASXL1Exon12_0429	chr20	31021269	31021380	PASS	565	254	220	251	216	0	0.3
ASXL1Exon12_0431	chr20	31021468	31021579	FLAG	307	123	89	121	86	0	0.341
ASXL1Exon12_0432	chr20	31021558	31021669	PASS	289	200	200	200	182	0	0.124
ASXL1Exon13_0434	chr20	31022201	31022312	FLAG	982	78	78	78	75	0	0.614
ASXL1Exon13_0435	chr20	31022300	31022421	FLAG	1035	943	874	895	64	0	0.934
ASXL1Exon13_0436	chr20	31022401	31022512	FLAG	1014	116	49	90	1	0	0.981
ASXL1Exon13_0437	chr20	31022500	31022621	FLAG	315	116	65	114	63	0	0.595
ASXL1Exon13_0438	chr20	31022610	31022726	FLAG	647	263	198	261	36	0	0.863
ASXL1Exon13_0439	chr20	31022697	31022808	PASS	855	581	382	567	373	0	0.328
ASXL1Exon13_0440	chr20	31022806	31022927	PASS	851	279	277	277	262	0	0.411
ASXL1Exon13_0441	chr20	31022918	31023029	PASS	687	409	190	391	183	0	0.523
ASXL1Exon13_0442	chr20	31023003	31023114	PASS	619	409	219	406	215	0	0.483
ASXL1Exon13_0445	chr20	31023308	31023429	PASS	1015	514	513	512	479	0	0.357
ASXL1Exon13_0446	chr20	31023427	31023538	PASS	1032	519	353	507	183	0	0.647
ASXL1Exon13_0447	chr20	31023520	31023631	PASS	703	350	167	348	162	0	0.485
ASXL1Exon13_0448	chr20	31023600	31023711	PASS	659	350	183	347	178	0	0.479
ASXL1Exon13_0449	chr20	31023689	31023800	PASS	711	492	309	484	301	0	0.244
ASXL1Exon13_0450	chr20	31023797	31023913	FLAG	748	286.5	225	230	30	0	0.867
ASXL1Exon13_0453	chr20	31024081	31024192	FLAG	887	417	94	413	91	0	0.739
ASXL1Exon13_0455	chr20	31024254	31024370	PASS	673	350	219	349.5	203	0	0.279
ASXL1Exon13_0456	chr20	31024339	31024450	PASS	433	228	179	228	146	0	0.35
ASXL1Exon13_0457	chr20	31024419	31024530	FLAG	356	211	83	208	80	0	0.564
ASXL1Exon13_0458	chr20	31024517	31024628	PASS	689	210	127	206	123	0	0.56
ASXL1Exon13_0460	chr20	31024694	31024805	PASS	768	291	213	289	206	0.005	0.356
ASXL1Exon13_0461	chr20	31024779	31024890	FLAG	657	291	74	288	71	0.01	0.713
ASXL1Exon13_0462	chr20	31024874	31024985	FLAG	735	440	359	437	58	0	0.867
ASXL1Exon13_0463	chr20	31024957	31025068	PASS	805	444	293	440	140	0	0.685
ASXL1Exon13_0464	chr20	31025050	31025171	PASS	444	152	151	151	144	0	0.405
RUNX1Exon8_0472	chr21	36171582	36171703	FLAG	621	19	19	19	18	0	0.845
RUNX1Exon8_0473	chr21	36171678	36171794	PASS	621	600	600	598	570	0	0.061
RUNX1Exon7_0474	chr21	36206672	36206783	FLAG	158	132	131	129	9	0	0.932
RUNX1Exon7_0475	chr21	36206781	36206892	FLAG	157	23	23	23	21	0	0.533
RUNX1Exon7_0476	chr21	36206799	36206910	FLAG	155	23	23	23	21	0	0.533
RUNX1Exon6_0477	chr21	36231750	36231861	PASS	387	234	234	233	160	0	0.584
RUNX1Exon6_0478	chr21	36231842	36231953	PASS	386	153	149	153	142	0	0.222
RUNX1Exon5_0479	chr21	36252821	36252932	PASS	238	120	120	120	113	0	0.212
RUNX1Exon5_0480	chr21	36252914	36253030	PASS	238	118	118	118	113	0	0.181
RUNX1Exon4_0482	chr21	36259133	36259244	FLAG	68	68	68	67	59	0	0.132
RUNX1Exon4_0483	chr21	36259333	36259444	FLAG	58	58	58	58	54	0	0.069
U2AF1Exon7_0484	chr21	44514554	44514665	PASS	324	323	210	315	164	0.003	0.226
U2AF1Exon7_0485	chr21	44514616	44514727	PASS	324	323	110	317	103	0.003	0.286
U2AF1Exon6_0486	chr21	44514759	44514870	PASS	290	289	174	286	119	0	0.588
U2AF1Exon6_0487	chr21	44514809	44514920	PASS	289	289	116	285	112	0	0.588
U2AF1Exon5_0488	chr21	44515528	44515639	PASS	468	468	467	464	452	0	0.034
U2AF1Exon4_0490	chr21	44515770	44515881	FLAG	106	106	106	104	5	0	0.953
U2AF1Exon3_0491	chr21	44520527	44520638	FLAG	281	281	278	279	11	0	0.961
U2AF1Exon2_0492	chr21	44524418	44524529	PASS	188	188	188	187	182	0	0.032
GATA2Exon5_0493	chr3	128200645	128200756	FLAG	170	45	42	42	28	0	0.377
GATA2Exon5_0494	chr3	128200726	128200837	FLAG	170	128	128	127	54	0	0.682
GATA2Exon4_0495	chr3	128202670	128202791	FLAG	514	513	219	498	30	0	0.864
GATA2Exon4_0496	chr3	128202743	128202854	PASS	514	507	293	426	229	0	0.554
GATA2Exon3_0497	chr3	128204535	128204651	PASS	108	108	108	107	103	0	0.046
GATA2Exon3_0499	chr3	128204715	128204836	FLAG	130	75	75	75	68	0	0.336
GATA2Exon3_0500	chr3	128204819	128204940	FLAG	133	56	53	55	3	0	0.946
GATA2Exon3_0502	chr3	128205033	128205154	FLAG	213	61	17	30	15	0	0.845
GATA2Exon3_0503	chr3	128205112	128205223	PASS	213	210	185	204	176	0	0.062
PDGFRAExon2_0507	chr4	55124881	55124992	FLAG	323	323	320	320	7	0	0.978
PDGFRAExon3_0508	chr4	55127247	55127358	PASS	493	131	131	130	122	0	0.544
PDGFRAExon3_0509	chr4	55127334	55127445	PASS	652	368	209	367	164	0	0.554
PDGFRAExon3_0510	chr4	55127417	55127528	PASS	555	346	175	345	159	0	0.52
PDGFRAExon3_0511	chr4	55127496	55127612	PASS	346	180	180	179	166	0	0.52
PDGFRAExon4_0512	chr4	55129818	55129929	PASS	395	279	279	278	119	0	0.698
PDGFRAExon4_0513	chr4	55129903	55130019	PASS	537	258	116	257	111	0	0.37
PDGFRAExon4_0514	chr4	55129992	55130103	PASS	258	142	142	142	118	0	0.543
PDGFRAExon5_0515	chr4	55131067	55131178	PASS	839	285	285	283	275	0	0.639
PDGFRAExon5_0516	chr4	55131167	55131283	PASS	839	554	553	549	529	0	0.121
PDGFRAExon6_0517	chr4	55133450	55133566	PASS	486	209	208	208	203	0	0.457
PDGFRAExon6_0518	chr4	55133551	55133662	PASS	644	277	277	276	265	0	0.184
PDGFRAExon7_0519	chr4	55133684	55133805	FLAG	346	169	160	160	5	0	0.969
PDGFRAExon7_0520	chr4	55133775	55133886	PASS	449	289	273	278	120	0	0.602
PDGFRAExon7_0521	chr4	55133841	55133957	PASS	289	287	170	263	165	0	0.389
PDGFRAExon8_0522	chr4	55136776	55136887	FLAG	649	629	102	466	96	0	0.578
PDGFRAExon8_0523	chr4	55136846	55136957	FLAG	649	648	549	636	21	0	0.962
PDGFRAExon9_0524	chr4	55138527	55138643	PASS	312	312	186	307	130	0	0.583
PDGFRAExon9_0525	chr4	55138587	55138703	FLAG	312	312	125	307	5	0	0.96
PDGFRAExon10_0526	chr4	55139677	55139788	FLAG	228	72	72	72	68	0	0.664
PDGFRAExon10_0527	chr4	55139768	55139884	FLAG	294	161	95	159	92	0	0.208
PDGFRAExon10_0528	chr4	55139879	55139990	FLAG	161	66	66	66	1	0	0.985
PDGFRAExon11_0529	chr4	55140663	55140774	FLAG	485	124	124	124	6	0	0.952
PDGFRAExon11_0530	chr4	55140747	55140858	PASS	485	361	361	360	347	0	0.167
PDGFRAExon12_0531	chr4	55140973	55141084	PASS	798	795	334	708	324	0	0.555
PDGFRAExon12_0532	chr4	55141041	55141152	PASS	798	798	465	787	453	0	0.166
PDGFRAExon13_0533	chr4	55143530	55143641	PASS	481	480	256	473	225	0	0.532
PDGFRAExon13_0534	chr4	55143578	55143689	PASS	481	481	224	474	215	0	0.532
PDGFRAExon14_0535	chr4	55144037	55144148	FLAG	240	109	109	109	3	0	0.975
PDGFRAExon14_0536	chr4	55144139	55144250	FLAG	241	132	132	131	6	0	0.958
PDGFRAExon15_0537	chr4	55144495	55144611	FLAG	371	39	39	39	1	0	0.974
PDGFRAExon15_0538	chr4	55144608	55144724	PASS	372	333	333	331	321	0	0.071
PDGFRAExon16_0539	chr4	55146469	55146590	PASS	868	556	556	555	541	0	0.32
PDGFRAExon16_0540	chr4	55146563	55146674	FLAG	868	312	311	311	17	0	0.945
PDGFRAExon17_0541	chr4	55151517	55151628	FLAG	1027	1027	745	1010	23	0	0.969
PDGFRAExon17_0542	chr4	55151582	55151693	PASS	1027	1027	282	1006	270	0	0.702
PDGFRAExon18_0543	chr4	55151974	55152085	FLAG	141	141	52	136	50	0	0.16
PDGFRAExon18_0544	chr4	55152048	55152159	FLAG	141	71	64	69	62	0	0.254
PDGFRAExon19_0545	chr4	55153586	55153697	PASS	888	888	622	877	588	0	0.136
PDGFRAExon19_0546	chr4	55153633	55153744	PASS	888	888	267	878	259	0	0.498
PDGFRAExon20_0547	chr4	55154945	55155056	PASS	1069	1068	340	1056	331	0	0.598
PDGFRAExon20_0548	chr4	55154970	55155081	PASS	1069	1068	740	1055	715	0	0.319
PDGFRAExon21_0549	chr4	55155170	55155281	PASS	919	919	496	909	436	0	0.526
PDGFRAExon21_0550	chr4	55155221	55155332	PASS	919	919	424	907	408	0	0.526
PDGFRAExon22_0551	chr4	55156451	55156567	PASS	906	396	396	395	303	0	0.659
PDGFRAExon22_0552	chr4	55156546	55156662	PASS	1259	863	511	857.5	360	0	0.583
PDGFRAExon22_0553	chr4	55156617	55156728	FLAG	863	862	352	833	16	0	0.955
PDGFRAExon23_0554	chr4	55161286	55161397	PASS	1212	1211	755	1196	736	0	0.364
PDGFRAExon23_0555	chr4	55161346	55161457	FLAG	1212	1212	456	1196	11	0	0.976
KITExon2_0556	chr4	55561645	55561756	PASS	1065	662	661	659	416	0	0.609
KITExon2_0557	chr4	55561745	55561866	PASS	1295	632	403	621	391	0	0.339
KITExon2_0558	chr4	55561847	55561958	PASS	633	230	230	229	219	0	0.571
KITExon3_0559	chr4	55564415	55564526	FLAG	423	163	163	162	5	0	0.969
KITExon3_0560	chr4	55564517	55564638	FLAG	549	310	260	281	5	0	0.981
KITExon3_0561	chr4	55564628	55564739	PASS	385	126	126	126	123	0	0.589
KITExon7_0562	chr4	55575558	55575669	FLAG	459	198	162	167	2	0	0.988
KITExon7_0563	chr4	55575639	55575750	PASS	459	297	297	296	288	0	0.328
KITExon8_0564	chr4	55589731	55589842	PASS	760	757	424	743	412	0	0.423
KITExon8_0565	chr4	55589786	55589897	FLAG	759	757	334	744	60	0	0.829
KITExon9_0566	chr4	55592007	55592128	FLAG	516	333	333	331	14	0	0.958
KITExon9_0567	chr4	55592121	55592242	PASS	515	183	183	183	178	0	0.257
KITExon10_0568	chr4	55593350	55593461	PASS	581	581	331	572	318	0	0.42
KITExon10_0569	chr4	55593403	55593514	PASS	581	581	250	572	236	0	0.513
KITExon11_0570	chr4	55593576	55593687	FLAG	199	90	90	90	85	0	0.252
KITExon11_0571	chr4	55593664	55593780	PASS	199	109	109	109	104	0	0.162
KITExon13_0572	chr4	55593959	55594070	PASS	573	150	149	149	139	0.007	0.704
KITExon13_0573	chr4	55594065	55594176	PASS	750	569	420	544	401	0	0.238
KITExon13_0574	chr4	55594152	55594263	PASS	766	346	346	345	171	0	0.506
KITExon13_0575	chr4	55594206	55594317	PASS	347	346	167	341	159	0	0.506
KITExon14_0576	chr4	55595481	55595592	FLAG	318	207	206	206	60	0	0.808
KITExon14_0577	chr4	55595573	55595689	PASS	318	111	110	111	107	0	0.347
KITExon15_0578	chr4	55597482	55597593	PASS	225	225	224	224	218	0	0.031
KITExon16_0579	chr4	55598004	55598115	PASS	240	240	140	233	106	0	0.558
KITExon16_0580	chr4	55598067	55598188	FLAG	240	239	100	233	98	0	0.558
KITExon17_0581	chr4	55599230	55599346	PASS	202	202	154	200	150	0	0.08
KITExon17_0582	chr4	55599261	55599372	FLAG	202	202	58	200	47	0	0.658
KITExon18_0583	chr4	55602634	55602745	PASS	267	264	122	258	119	0	0.542
KITExon18_0584	chr4	55602696	55602807	PASS	265	264	146	258	121	0	0.542
TET2Exon3_0585	chr4	106155083	106155194	PASS	374	205	205	204	197	0	0.228
TET2Exon3_0586	chr4	106155191	106155312	PASS	608	373	170	284	165	0	0.504
TET2Exon3_0587	chr4	106155293	106155404	PASS	843	403	233	401	228	0	0.469
TET2Exon3_0588	chr4	106155377	106155493	PASS	716	482.5	440	466.5	429	0	0.113
TET2Exon3_0589	chr4	106155490	106155611	FLAG	788	43	43	43	38	0	0.761
TET2Exon3_0590	chr4	106155605	106155726	FLAG	615	306	301	301	5	0	0.983
TET2Exon3_0591	chr4	106155722	106155833	FLAG	846	322	267	270	4	0	0.985
TET2Exon3_0592	chr4	106155826	106155942	PASS	718	449	277	439	271	0	0.341
TET2Exon3_0593	chr4	106155916	106156037	PASS	621	344	179	342	170	0	0.367
TET2Exon3_0594	chr4	106156011	106156127	FLAG	394	212.5	165	195.5	8	0	0.952
TET2Exon3_0595	chr4	106156124	106156245	FLAG	353	190	53	185	50	0	0.422
TET2Exon3_0596	chr4	106156216	106156327	FLAG	932	190	137	187	57	0.016	0.7
TET2Exon3_0597	chr4	106156301	106156412	PASS	1218	872	737	865	717	0.003	0.22
TET2Exon3_0598	chr4	106156389	106156505	PASS	1224	460	314	454	307	0.001	0.607
TET2Exon3_0599	chr4	106156501	106156622	FLAG	607	178	147	150	5	0	0.966
TET2Exon3_0600	chr4	106156608	106156729	FLAG	369	220	145	216	79	0	0.641
TET2Exon3_0601	chr4	106156698	106156809	FLAG	425	221	83	221	71	0	0.563
TET2Exon3_0602	chr4	106156783	106156899	PASS	541	274	204	268	197	0	0.554
TET2Exon3_0603	chr4	106156895	106157016	PASS	678	466	267	387	261	0	0.311
TET2Exon3_0604	chr4	106156993	106157104	PASS	480	214	207	214	202	0	0.44
TET2Exon3_0606	chr4	106157171	106157282	FLAG	560	127	120	125	8	0	0.937
TET2Exon3_0607	chr4	106157269	106157380	FLAG	653	527	431	481	19	0	0.96
TET2Exon3_0608	chr4	106157372	106157483	FLAG	595	164	101	161	65	0	0.79
TET2Exon3_0609	chr4	106157461	106157572	FLAG	198	96	62	96	4	0	0.946
TET2Exon3_0610	chr4	106157564	106157675	FLAG	165	96	34	96	31	0	0.507
TET2Exon3_0611	chr4	106157647	106157758	FLAG	238	103	69	99	35	0	0.66
TET2Exon3_0612	chr4	106157756	106157877	PASS	247	135	135	135	131	0	0.325
TET2Exon3_0613	chr4	106157873	106157984	FLAG	594	178	43	176	41	0	0.701
TET2Exon3_0614	chr4	106157962	106158083	FLAG	513	458	417	438	65	0	0.859
TET2Exon3_0615	chr4	106158079	106158190	FLAG	675	56	56	56	9	0	0.839
TET2Exon3_0616	chr4	106158187	106158298	FLAG	901	183	180	180	2	0	0.989
TET2Exon3_0617	chr4	106158296	106158417	FLAG	1007	641	641	640	11	0	0.983
TET2Exon3_0618	chr4	106158403	106158524	FLAG	827	186	186	186	3	0	0.984
TET2Exon4_0619	chr4	106162476	106162587	PASS	340	339	231	334	115	0	0.662
TET2Exon4_0620	chr4	106162538	106162649	FLAG	340	339	103	334	98	0	0.662
TET2Exon5_0621	chr4	106163980	106164091	FLAG	446	446	446	443	7	0	0.984
TET2Exon6_0622	chr4	106164709	106164825	PASS	821	573	572	568	544	0	0.26
TET2Exon6_0623	chr4	106164813	106164934	FLAG	1392	278	239	243	5	0	0.979
TET2Exon6_0624	chr4	106164931	106165052	FLAG	811	572	571	570	7	0	0.988
TET2Exon7_0625	chr4	106180752	106180873	PASS	423	421	196	413	190	0	0.524
TET2Exon7_0626	chr4	106180827	106180938	PASS	423	422	226	412	201	0	0.524
TET2Exon9_0628	chr4	106190753	106190864	PASS	441	341	341	340	331	0	0.19
TET2Exon9_0629	chr4	106190847	106190963	FLAG	441	101	101	101	96	0	0.7
TET2Exon10_0630	chr4	106193698	106193814	PASS	582	561	561	559	543	0	0.052
TET2Exon10_0631	chr4	106193787	106193898	FLAG	888	326	21	326	20	0	0.844
TET2Exon10_0632	chr4	106193893	106194014	PASS	548	327	306	324	296	0	0.181
TET2Exon10_0633	chr4	106193993	106194104	PASS	528	222	222	222	201	0	0.471
TET2Exon11_0634	chr4	106196197	106196308	PASS	1391	148	145	145	132	0	0.673
TET2Exon11_0635	chr4	106196288	106196399	PASS	1549	1374	1238	1343	155	0	0.887
TET2Exon11_0636	chr4	106196391	106196507	PASS	1476	222	153	218	148	0	0.8
TET2Exon11_0637	chr4	106196481	106196602	FLAG	804	222	70	217	67	0	0.684
TET2Exon11_0638	chr4	106196593	106196704	PASS	870	644	581	587	561	0	0.1
TET2Exon11_0639	chr4	106196697	106196818	PASS	1065	461	197	456	192	0	0.7
TET2Exon11_0640	chr4	106196788	106196899	PASS	887	461	259	456	252	0	0.419
TET2Exon11_0641	chr4	106196892	106197003	FLAG	1021	665	413	586	16	0	0.961
TET2Exon11_0642	chr4	106196992	106197103	FLAG	1156	742	335	732	12	0	0.966
TET2Exon11_0643	chr4	106197074	106197185	FLAG	1181	741	407	720	19	0	0.953
TET2Exon11_0644	chr4	106197182	106197298	PASS	1559	843	435	832	417	0	0.395
TET2Exon11_0645	chr4	106197276	106197392	PASS	1683	1148	712	1139.5	398	0	0.653
TET2Exon11_0646	chr4	106197364	106197475	PASS	1334	622	533	615	514	0	0.517
TET2Exon11_0647	chr4	106197465	106197581	FLAG	1385	284	89	275	85	0	0.645
TET2Exon11_0648	chr4	106197563	106197679	PASS	859	769.5	285	763	207	0	0.731
TET2Exon11_0649	chr4	106197603	106197714	PASS	774	769	573	760	207	0	0.731
NPM1Exon11_0650	chr5	170837508	170837619	FLAG	259	259	259	256	73	0	0.718
CUX1Exon15_0651	chr7	101839883	101839994	FLAG	174	34	34	34	30	0	0.538
CUX1Exon15_0652	chr7	101839987	101840098	PASS	866	135	133	133	124	0	0.517
CUX1Exon15_0653	chr7	101840095	101840216	FLAG	1244	700	693	692	28	0	0.96
CUX1Exon15_0654	chr7	101840201	101840322	PASS	1329	459	419	420	404	0	0.578
CUX1Exon15_0655	chr7	101840320	101840441	FLAG	1104	219	219	218	4	0	0.982
CUX1Exon15_0656	chr7	101840439	101840550	PASS	1148	683	465	647	453	0	0.503
CUX1Exon15_0657	chr7	101840531	101840642	PASS	930	464	458	462	444	0.002	0.254
CUX1Exon16_0658	chr7	101842044	101842155	FLAG	349	349	349	347	13	0	0.963
CUX1Exon17_0659	chr7	101843318	101843429	PASS	296	296	141	292	139	0	0.308
CUX1Exon17_0660	chr7	101843355	101843466	PASS	296	296	155	291	148	0	0.248
CUX1Exon18_0661	chr7	101844624	101844745	PASS	566	227	226	226	212	0	0.382
CUX1Exon18_0662	chr7	101844719	101844840	PASS	740	489	317	480	155	0	0.722
CUX1Exon18_0663	chr7	101844810	101844921	PASS	709	376	158	323	140	0	0.566
CUX1Exon18_0664	chr7	101844914	101845025	FLAG	968	218	218	218	22	0	0.899
CUX1Exon18_0665	chr7	101845021	101845132	PASS	939	625	592	591	570	0	0.166
CUX1Exon18_0666	chr7	101845125	101845246	PASS	920	328	131	319	124	0	0.555
CUX1Exon18_0667	chr7	101845215	101845336	PASS	377	246	197	242	138	0	0.579
CUX1Exon18_0668	chr7	101845329	101845445	FLAG	617	232	48	119	2	0	0.958
CUX1Exon18_0669	chr7	101845428	101845549	PASS	420	370	370	368	353	0	0.115
CUX1Exon19_0670	chr7	101847661	101847772	PASS	512	496	193	351	184	0	0.565
CUX1Exon19_0671	chr7	101847732	101847843	FLAG	512	511	317	497	10	0	0.968
CUX1Exon20_0672	chr7	101848367	101848478	FLAG	567	566	563	563	19	0	0.966
CUX1Exon21_0673	chr7	101870631	101870742	FLAG	742	488	472	486	10	0	0.979
CUX1Exon21_0674	chr7	101870713	101870824	PASS	876	405	254	401	221	0	0.605
CUX1Exon21_0675	chr7	101870820	101870931	FLAG	829	572	148	562	14	0	0.92
CUX1Exon21_0676	chr7	101870871	101870982	FLAG	572	572	423	561	47	0	0.892
CUX1Exon22_0677	chr7	101877308	101877424	PASS	801	488	488	485	468	0	0.17
CUX1Exon22_0678	chr7	101877412	101877523	PASS	1490	997	313	918	299	0	0.453
CUX1Exon22_0679	chr7	101877490	101877601	PASS	1002	687	685	683	658	0	0.255
CUX1Exon23_0681	chr7	101882684	101882805	FLAG	916	910	303	888	19	0	0.938
CUX1Exon23_0682	chr7	101882759	101882870	PASS	915	905	610	823	577	0	0.303
BRAFExon15_0683	chr7	140453042	140453158	FLAG	366	176.5	171	171	10	0	0.942
BRAFExon15_0684	chr7	140453128	140453239	PASS	366	188	188	187	181	0	0.444
EZH2Exon18_0685	chr7	148506144	148506255	PASS	238	238	232	235	223	0	0.039
EZH2Exon17_0686	chr7	148506387	148506498	PASS	206	206	206	205	199	0	0.034
EZH2Exon16_0687	chr7	148507401	148507512	FLAG	385	385	381	382	16	0	0.958
EZH2Exon15_0688	chr7	148508711	148508822	PASS	259	257	257	255	245	0	0.047
EZH2Exon14_0689	chr7	148511026	148511137	PASS	1036	225	224	224	214	0	0.478
EZH2Exon14_0690	chr7	148511127	148511238	PASS	1035	812	810	809	219	0	0.788
EZH2Exon13_0691	chr7	148511998	148512114	PASS	691	553	553	550	537	0	0.166
EZH2Exon13_0692	chr7	148512102	148512213	FLAG	690	138	138	138	6	0	0.957
EZH2Exon12_0693	chr7	148512589	148512700	FLAG	292	292	292	290	4	0	0.986
EZH2Exon11_0694	chr7	148513770	148513881	FLAG	182	182	181	181	5	0	0.973
EZH2Exon10_0695	chr7	148514283	148514404	FLAG	559	270	270	269	4	0	0.985
EZH2_exon10_0003	chr7	148514283	148514404	FLAG	559	270	270	269	4	0	0.985
EZH2Exon10_0696	chr7	148514386	148514502	PASS	560	290	290	289	280	0	0.441
EZH2_exon10_0004	chr7	148514386	148514502	PASS	560	290	290	289	280	0	0.441
EZH2Exon9_0697	chr7	148514961	148515077	PASS	498	181	179	179	170	0	0.339
EZH2Exon9_0698	chr7	148515048	148515159	PASS	703	523	497	513	196	0	0.606
EZH2Exon9_0699	chr7	148515108	148515219	PASS	524	521	205	509	196	0	0.449
EZH2Exon8_0700	chr7	148516654	148516765	FLAG	444	444	216	438	6	0	0.972
EZH2Exon8_0701	chr7	148516724	148516835	PASS	444	437	226	314	218	0	0.509
EZH2Exon7_0702	chr7	148523532	148523648	PASS	671	412	411	411	218	0	0.675
EZH2Exon7_0703	chr7	148523632	148523748	PASS	671	259	259	259	250	0	0.446
EZH2Exon6_0704	chr7	148524226	148524337	FLAG	200	199	89	189	83	0	0.55
EZH2Exon6_0705	chr7	148524301	148524412	FLAG	200	196	111	177	90	0	0.55
EZH2Exon5_0706	chr7	148525815	148525926	FLAG	1354	1354	257	1336	5	0	0.981
EZH2Exon5_0707	chr7	148525869	148525980	FLAG	1354	1354	1097	1335	20	0	0.982
EZH2Exon4_0708	chr7	148526808	148526924	FLAG	710	204	203	203	9	0	0.956
EZH2Exon4_0709	chr7	148526909	148527025	PASS	710	505	505	504	490	0	0.267
EZH2Exon3_0711	chr7	148543595	148543706	FLAG	573	573	566	567	23	0	0.96
EZH2Exon2_0712	chr7	148544239	148544350	FLAG	463	460	84	434	0	0	1
EZH2Exon2_0713	chr7	148544313	148544424	FLAG	463	381	379	379	93	0	0.799
RAD21Exon13_0714	chr8	117861170	117861281	FLAG	111	111	110	110	3	0	0.973
RAD21Exon12_0715	chr8	117862826	117862947	FLAG	392	392	392	390	9	0	0.977
RAD21Exon11_0717	chr8	117864155	117864271	FLAG	302	169	168	168	81	0	0.725
RAD21Exon11_0718	chr8	117864251	117864362	PASS	291	132	132	132	125	0	0.134
RAD21Exon10_0719	chr8	117864769	117864880	FLAG	288	288	243	282	6	0	0.975
RAD21Exon10_0720	chr8	117864842	117864958	FLAG	288	54.5	44	44.5	42	0	0.792
RAD21Exon9_0721	chr8	117866456	117866567	FLAG	103	39	39	39	0	0	1
RAD21Exon9_0722	chr8	117866565	117866676	FLAG	153	71	64	67	60	0	0.173
RAD21Exon9_0723	chr8	117866669	117866790	FLAG	114	37	37	37	1	0	0.973
RAD21_exon8_0005	chr8	117868378	117868489	FLAG	187	96	96	96	91	0.005	0.297
RAD21Exon8_0724	chr8	117868378	117868489	FLAG	187	96	96	96	91	0.005	0.297
RAD21_exon8_0006	chr8	117868475	117868586	FLAG	188	90	89	89	64	0.016	0.383
RAD21Exon8_0725	chr8	117868475	117868586	FLAG	188	90	89	89	64	0.016	0.383
RAD21Exon7_0726	chr8	117868858	117868969	FLAG	584	567	305	425	17	0	0.944
RAD21Exon7_0727	chr8	117868932	117869053	FLAG	584	279	279	279	10	0	0.964
RAD21Exon6_0728	chr8	117869499	117869620	FLAG	380	120	120	120	4	0	0.967
RAD21_exon6_0007	chr8	117869499	117869620	FLAG	380	120	120	120	4	0	0.967
RAD21_exon6_0008	chr8	117869612	117869723	FLAG	380	256	256	255	4	0	0.985
RAD21Exon6_0729	chr8	117869612	117869723	FLAG	380	256	256	255	4	0	0.985
RAD21Exon5_0730	chr8	117870559	117870670	PASS	366	365	110	123	107	0	0.689
RAD21Exon5_0731	chr8	117870637	117870748	PASS	366	268	256	256	114	0	0.689
RAD21Exon4_0732	chr8	117874053	117874164	FLAG	62	62	59	61	6	0	0.903
RAD21Exon3_0734	chr8	117875357	117875468	PASS	814	813	610	796	205	0.003	0.748
RAD21Exon3_0735	chr8	117875417	117875533	FLAG	814	814	200	800	6	0.004	0.97
RAD21Exon2_0736	chr8	117878796	117878907	FLAG	321	89	89	89	83	0	0.429
RAD21Exon2_0737	chr8	117878891	117879002	PASS	321	232	232	231	223	0	0.11
JAK2Exon11_0738	chr9	5068996	5069107	FLAG	2005	863	863	862	17	0	0.98
JAK2Exon11_0739	chr9	5069077	5069188	PASS	2043	1180	1180	1177	1158	0	0.381
JAK2Exon11_0740	chr9	5069122	5069243	PASS	1955	1180	583	1170	570	0	0.381
JAK2Exon12_0742	chr9	5069996	5070107	FLAG	333	320	320	319	35	0	0.895
JAK2Exon13_0743	chr9	5072483	5072594	PASS	305	124	124	124	119	0	0.403
JAK2Exon13_0744	chr9	5072570	5072691	PASS	305	181	180	181	126	0	0.587
JAK2Exon14_0745	chr9	5073691	5073802	FLAG	537	537	537	533	11	0	0.98
JAK2Exon15_0746	chr9	5077432	5077548	FLAG	100	100	100	100	4	0	0.96
JAK2Exon16_0749	chr9	5078373	5078489	FLAG	431	411	411	409	12	0	0.971
JAK2Exon17_0750	chr9	5080219	5080335	PASS	259	205	205	204	197	0	0.085
JAK2Exon17_0751	chr9	5080330	5080446	FLAG	259	54	54	54	51	0	0.465
JAK2Exon18_0752	chr9	5080524	5080635	PASS	226	226	116	221	111	0	0.509
JAK2Exon18_0753	chr9	5080582	5080703	PASS	226	226	110	222	106	0	0.509
JAK2Exon19_0754	chr9	5081691	5081802	FLAG	196	57	57	57	2	0	0.965
JAK2Exon19_0755	chr9	5081799	5081920	FLAG	196	139	139	139	4	0	0.971
JAK2Exon20_0756	chr9	5089661	5089772	PASS	220	123	123	123	117	0	0.288
JAK2Exon20_0757	chr9	5089758	5089869	FLAG	219	97	97	97	93	0	0.438
JAK2Exon21_0759	chr9	5090497	5090608	PASS	168	168	167	166	160	0	0.048
ABL1Exon4_0768	chr9	133738125	133738246	FLAG	790	688	686	684	42	0	0.939
ABL1Exon4_0769	chr9	133738217	133738328	FLAG	1313	625	100	608	95	0	0.854
ABL1Exon4_0770	chr9	133738312	133738423	PASS	1635	1489	521	1211	498	0	0.605
ABL1Exon4_0771	chr9	133738383	133738494	FLAG	1530	1524	1010	1484	14	0	0.986
ABL1Exon5_0772	chr9	133747498	133747609	PASS	457	457	457	453	438	0	0.042
ABL1Exon6_0773	chr9	133748212	133748323	PASS	1035	907	906	903	157	0	0.848
ABL1Exon6_0774	chr9	133748302	133748413	PASS	2022	1069	254	1030	144	0	0.834
ABL1Exon6_0775	chr9	133748371	133748492	FLAG	1115	1112	987	1086	42	0	0.957
ABL1Exon7_0776	chr9	133750222	133750333	PASS	1170	473	473	472	345	0	0.693
ABL1Exon7_0777	chr9	133750310	133750426	PASS	2708	1170	697	1165.5	678	0	0.316
ABL1Exon7_0778	chr9	133750393	133750514	PASS	2236	1548	1538	1537	1501	0	0.102
ABL1Exon8_0779	chr9	133753768	133753884	PASS	649	328.5	307	307.5	300	0	0.46
ABL1Exon8_0780	chr9	133753852	133753963	PASS	648	429	342	348	330	0	0.46
ZRSR2Exon2_0781	chrX	15809042	15809153	PASS	152	152	152	151	142	0	0.066
ZRSR2Exon4_0783	chrX	15821778	15821889	PASS	318	174	174	174	170	0	0.417
ZRSR2Exon4_0784	chrX	15821874	15821985	FLAG	318	144	144	143	8	0	0.944
ZRSR2Exon5_0785	chrX	15822215	15822326	PASS	179	179	179	178	167	0	0.067
ZRSR2Exon6_0786	chrX	15826350	15826461	PASS	238	238	238	237	232	0	0.025
ZRSR2Exon7_0787	chrX	15827309	15827420	PASS	330	156	156	156	145	0.022	0.485
ZRSR2Exon7_0788	chrX	15827390	15827501	PASS	330	174	167	167	161	0.022	0.159
ZRSR2Exon8_0789	chrX	15833782	15833898	FLAG	307	165	164	164	4	0.006	0.976
ZRSR2Exon8_0790	chrX	15833891	15834007	PASS	504	340	142	332	135	0	0.535
ZRSR2Exon8_0791	chrX	15833948	15834069	PASS	340	340	190	334	184	0	0.324
ZRSR2Exon9_0792	chrX	15836666	15836777	FLAG	87	87	87	86	3	0	0.966
ZRSR2Exon10_0793	chrX	15838305	15838416	FLAG	217	191	191	190	10	0	0.948
ZRSR2Exon10_0794	chrX	15838414	15838525	FLAG	217	26	26	26	1	0	0.962
ZRSR2Exon11_0795	chrX	15840846	15840962	FLAG	132	60	60	60	56	0	0.439
ZRSR2Exon11_0796	chrX	15840931	15841047	FLAG	287	132	72	130	4	0	0.944
ZRSR2Exon11_0797	chrX	15841041	15841157	FLAG	243	171	155	168	7	0	0.955
ZRSR2Exon11_0800	chrX	15841317	15841438	FLAG	54	54	54	53	6	0	0.889
BCORExon15_0801	chrX	39911356	39911477	FLAG	393	154	153	154	11	0	0.957
BCORExon15_0802	chrX	39911471	39911582	FLAG	499	345	239	342	23	0	0.912
BCORExon15_0803	chrX	39911553	39911674	FLAG	345	100	99	100	93	0	0.486
BCORExon14_0804	chrX	39913107	39913223	FLAG	385	293	292	292	15	0	0.949
BCORExon14_0805	chrX	39913190	39913301	FLAG	385	93	92	93	88	0	0.731
BCORExon13_0806	chrX	39913501	39913612	FLAG	156	156	154	154	7	0	0.955
BCORExon12_0807	chrX	39914611	39914722	FLAG	266	160	160	160	5	0	0.969
BCORExon12_0808	chrX	39914720	39914841	PASS	266	106	106	106	103	0	0.312
BCORExon11_0809	chrX	39916398	39916514	FLAG	224	66	66	66	62	0	0.358
BCORExon11_0810	chrX	39916487	39916598	FLAG	224	158	158	158	74	0	0.67
BCORExon10_0811	chrX	39921386	39921497	FLAG	269	161	161	160	4	0	0.975
BCORExon10_0812	chrX	39921495	39921611	PASS	391	226	107	220	104	0	0.399
BCORExon10_0813	chrX	39921590	39921706	FLAG	229	122	122	122	32	0	0.858
BCORExon9_0814	chrX	39921991	39922112	PASS	332	122	121	121	105	0	0.632
BCORExon9_0815	chrX	39922092	39922208	PASS	673	327	210	277.5	204	0	0.522
BCORExon9_0816	chrX	39922198	39922319	PASS	568	353	338	339	312	0	0.12
BCORExon9_0817	chrX	39922309	39922430	FLAG	354	15	15	15	11	0	0.826
BCORExon8_0818	chrX	39922842	39922958	FLAG	1147	377	377	376	4	0	0.989
BCORExon8_0819	chrX	39922936	39923047	FLAG	1555	1143	770	1046	20	0	0.974
BCORExon8_0820	chrX	39923038	39923149	PASS	1179	408	408	406	396	0	0.355
BCORExon7_0821	chrX	39923580	39923701	PASS	454	185	183	181	156	0.005	0.53
BCORExon7_0822	chrX	39923697	39923818	PASS	1090	455	259	443	245	0.002	0.654
BCORExon7_0823	chrX	39923792	39923908	PASS	894	632	631	630	604	0	0.219
BCORExon6_0824	chrX	39930216	39930337	FLAG	832	751	751	746	19	0	0.975
BCORExon6_0825	chrX	39930324	39930435	FLAG	832	80	80	80	78	0	0.88
BCORExon4_0827	chrX	39931595	39931711	PASS	564	252	251	251	238	0	0.293
BCORExon4_0828	chrX	39931700	39931811	PASS	1023	564	313	550	305	0	0.559
BCORExon4_0829	chrX	39931793	39931904	PASS	1097	770	458	749	440	0	0.413
BCORExon4_0830	chrX	39931896	39932017	PASS	1154	345	326	326	318	0	0.47
BCORExon4_0831	chrX	39932013	39932124	FLAG	835	379	377	378	23	0	0.939
BCORExon4_0832	chrX	39932119	39932240	PASS	757	376	126	367	122	0	0.482
BCORExon4_0833	chrX	39932212	39932323	PASS	671	377	250	372	243	0	0.34
BCORExon4_0834	chrX	39932303	39932424	PASS	756	497	294	433	246	0	0.546
BCORExon4_0835	chrX	39932409	39932530	PASS	767	445	212	294	198	0	0.574
BCORExon4_0836	chrX	39932516	39932637	PASS	910	471	260	441	252	0	0.499
BCORExon4_0837	chrX	39932628	39932739	PASS	952	689	435	676	272	0	0.605
BCORExon4_0838	chrX	39932708	39932819	PASS	774	337	252	335	245	0	0.333
BCORExon4_0839	chrX	39932814	39932935	FLAG	568	107	84	86	77	0	0.534
BCORExon4_0840	chrX	39932931	39933042	PASS	395	311	230	305	223	0	0.26
BCORExon4_0841	chrX	39933012	39933128	FLAG	500	269	80	268	79	0	0.643
BCORExon4_0842	chrX	39933097	39933208	PASS	904	269	189	268	179	0	0.413
BCORExon4_0843	chrX	39933193	39933304	PASS	1014	824	636	814	212	0	0.742
BCORExon4_0844	chrX	39933275	39933391	PASS	1020	384	189	381	184	0	0.601
BCORExon4_0845	chrX	39933374	39933485	PASS	664	384	195	382	189	0	0.533
BCORExon4_0846	chrX	39933454	39933565	PASS	516	320	279	317	272	0	0.256
BCORExon4_0847	chrX	39933561	39933677	FLAG	508	210.5	42	101	6	0	0.971
BCORExon4_0848	chrX	39933660	39933771	FLAG	523	230	188	219	1	0	0.995
BCORExon4_0849	chrX	39933767	39933888	PASS	820	481	288	466	260	0	0.476
BCORExon4_0850	chrX	39933860	39933971	PASS	849	559	337	556	325	0	0.268
BCORExon4_0851	chrX	39933946	39934062	FLAG	786	447	222	443.5	50	0	0.823
BCORExon4_0852	chrX	39934048	39934159	PASS	578	347	216	340	135	0	0.611
BCORExon4_0853	chrX	39934147	39934258	PASS	450	234	131	231	123	0	0.303
BCORExon4_0854	chrX	39934227	39934348	FLAG	542	234	102	231	98	0	0.525
BCORExon4_0855	chrX	39934328	39934449	PASS	410	308	308	306	289	0	0.227
KDM6AExon2_0856	chrX	44733130	44733241	FLAG	15	15	15	15	14	0	0.067
KDM6AExon3_0858	chrX	44820584	44820695	FLAG	120	115	115	115	10	0	0.917
KDM6AExon4_0859	chrX	44833879	44833990	FLAG	99	99	99	99	95	0	0.04
KDM6AExon5_0860	chrX	44870198	44870309	PASS	120	120	120	119	114	0	0.05
KDM6AExon6_0861	chrX	44879820	44879931	FLAG	174	173	46	112	44	0	0.5
KDM6AExon6_0862	chrX	44879897	44880013	PASS	173	129.5	128	128	126	0	0.249
KDM6AExon8_0864	chrX	44896868	44896979	FLAG	43	43	43	43	41	0	0.047
KDM6AExon9_0866	chrX	44910983	44911094	PASS	174	174	174	173	169	0	0.029
KDM6AExon10_0867	chrX	44913039	44913160	FLAG	43	43	32	37	11	0	0.744
KDM6AExon10_0868	chrX	44913122	44913233	FLAG	43	43	11	37	9	0	0.744
KDM6AExon11_0870	chrX	44918330	44918441	FLAG	235	109	109	109	4	0	0.963
KDM6AExon12_0871	chrX	44918464	44918575	PASS	224	128	127	127	122	0	0.24
KDM6AExon12_0872	chrX	44918567	44918678	FLAG	276	148	76	147	57	0	0.44
KDM6AExon12_0873	chrX	44918619	44918740	FLAG	148	148	89	146	84	0	0.333
KDM6AExon13_0874	chrX	44919233	44919344	PASS	427	426	178	340	171	0.19	0.419
KDM6AExon13_0875	chrX	44919298	44919409	FLAG	427	426	249	339	13	0.317	0.928
KDM6AExon14_0877	chrX	44920594	44920705	FLAG	161	161	161	160	3	0	0.981
KDM6AExon15_0879	chrX	44921955	44922066	FLAG	41	41	41	41	2	0	0.951
KDM6AExon16_0880	chrX	44922638	44922759	FLAG	152	29	29	29	25	0	0.468
KDM6AExon16_0881	chrX	44922739	44922850	PASS	254	151	123	137	113	0	0.393
KDM6AExon16_0882	chrX	44922848	44922959	FLAG	321	102	102	102	1	0	0.99
KDM6AExon16_0883	chrX	44922953	44923069	FLAG	198	96	96	96	87	0	0.273
KDM6AExon17_0884	chrX	44928790	44928911	PASS	446	173	173	173	168	0	0.366
KDM6AExon17_0885	chrX	44928888	44928999	PASS	653	445	273	438	267	0	0.208
KDM6AExon17_0886	chrX	44928994	44929110	FLAG	589	219.5	210	210	11	0	0.948
KDM6AExon17_0887	chrX	44929103	44929224	PASS	438	228	105	225	101	0	0.59
KDM6AExon17_0888	chrX	44929194	44929305	PASS	318	213	123	211	110	0	0.518
KDM6AExon17_0889	chrX	44929284	44929395	FLAG	324	201	90	198	88	0	0.54
KDM6AExon17_0890	chrX	44929377	44929493	FLAG	470	197	111	172.5	70	0	0.641
KDM6AExon17_0891	chrX	44929483	44929594	PASS	475	364	272	360	268	0	0.264
KDM6AExon17_0892	chrX	44929543	44929659	FLAG	364	363	95	357	90	0	0.527
KDM6AExon18_0893	chrX	44935916	44936032	PASS	259	154	154	153	143	0	0.22
KDM6AExon18_0894	chrX	44936027	44936143	FLAG	259	105	105	105	9	0	0.924
KDM6AExon19_0895	chrX	44937616	44937727	FLAG	57	30	30	30	28	0	0.211
KDM6AExon19_0896	chrX	44937711	44937822	FLAG	57	27	27	27	26	0	0.439
KDM6AExon20_0897	chrX	44938359	44938470	FLAG	143	79	79	79	40	0	0.714
KDM6AExon20_0898	chrX	44938455	44938566	FLAG	330	251	143	246	74	0	0.705
KDM6AExon20_0899	chrX	44938516	44938637	FLAG	251	251	186	246	74	0	0.705
KDM6AExon22_0900	chrX	44941811	44941927	FLAG	212	212	212	211	7	0	0.967
KDM6AExon22_0902	chrX	44941975	44942086	FLAG	182	182	182	181	2	0	0.989
KDM6AExon23_0903	chrX	44942673	44942784	FLAG	130	107	106	107	23	0	0.823
KDM6AExon23_0904	chrX	44942764	44942885	FLAG	129	23	23	23	21	0	0.596
KDM6AExon24_0905	chrX	44945081	44945192	FLAG	194	141	141	141	1	0	0.993
KDM6AExon24_0906	chrX	44945179	44945290	FLAG	194	53	53	53	0	0	1
KDM6AExon25_0907	chrX	44948954	44949075	PASS	325	298	298	298	293	0.003	0.077
KDM6AExon25_0908	chrX	44949049	44949160	FLAG	510	212	212	211	33	0.005	0.84
KDM6AExon25_0909	chrX	44949110	44949231	FLAG	212	212	184	206	33	0.005	0.84
KDM6AExon26_0910	chrX	44949941	44950062	PASS	592	583	312	497	284	0	0.493
KDM6AExon26_0911	chrX	44950008	44950129	FLAG	592	592	280	580	6	0	0.979
KDM6AExon27_0912	chrX	44966647	44966758	FLAG	242	242	60	238	57	0	0.487
KDM6AExon27_0913	chrX	44966706	44966817	PASS	242	242	182	238	179	0	0.248
KDM6AExon28_0914	chrX	44969289	44969400	FLAG	269	95	95	95	0	0	1
KDM6AExon28_0915	chrX	44969388	44969509	FLAG	269	174	174	173	3	0	0.983
KDM6AExon29_0916	chrX	44970557	44970668	PASS	133	133	133	132	125	0	0.06
GATA1Exon2_0917	chrX	48649495	48649611	FLAG	159	106	106	106	9	0	0.915
GATA1Exon2_0918	chrX	48649598	48649719	FLAG	426	70	53	57	28	0	0.659
GATA1Exon2_0919	chrX	48649717	48649833	PASS	322	269	268	266	251	0	0.148
SMC1AExon23_0920	chrX	53407905	53408016	FLAG	58	58	58	58	4	0	0.931
SMC1AExon22_0921	chrX	53409121	53409232	FLAG	466	233	233	231	4	0	0.983
SMC1AExon22_0922	chrX	53409228	53409349	FLAG	466	233	232	232	6	0	0.974
SMC1AExon17_0923	chrX	53423386	53423502	FLAG	600	343	342	342	23	0	0.933
SMC1AExon17_0924	chrX	53423486	53423607	PASS	600	257	256	256	165	0	0.719
SMC1AExon16_0925	chrX	53426488	53426609	FLAG	144	144	33	137	31	0	0.34
SMC1AExon16_0926	chrX	53426567	53426678	PASS	144	142	111	120	107	0	0.206
SMC1AExon15_0927	chrX	53430475	53430586	PASS	307	129	129	129	124	0	0.325
SMC1AExon15_0928	chrX	53430581	53430692	PASS	306	176	176	175	166	0	0.334
SMC1AExon12_0929	chrX	53432148	53432269	FLAG	203	154	154	154	1	0	0.994
SMC1AExon12_0930	chrX	53432266	53432382	FLAG	203	49	49	49	45	0	0.721
SMC1AExon11_0931	chrX	53432417	53432528	FLAG	78	38	38	38	36	0	0.264
SMC1AExon11_0932	chrX	53432514	53432630	FLAG	78	37	37	37	21	0	0.727
SMC1AExon9_0933	chrX	53435959	53436070	PASS	267	119	119	119	113	0	0.287
SMC1AExon9_0934	chrX	53436055	53436166	PASS	326	209	209	208	197	0	0.113
SMC1AExon9_0935	chrX	53436103	53436214	FLAG	209	209	60	206	56	0	0.63
SMC1AExon8_0936	chrX	53436332	53436443	PASS	156	156	156	155	149	0	0.045
SMC1AExon5_0937	chrX	53439839	53439950	PASS	437	231	230	230	224	0	0.184
SMC1AExon5_0938	chrX	53439942	53440053	FLAG	583	352	239	348	67	0	0.802
SMC1AExon5_0939	chrX	53439992	53440108	FLAG	352	352	142	346	24	0	0.847
SMC1AExon4_0940	chrX	53440176	53440297	FLAG	266	52	52	52	50	0	0.504
SMC1AExon4_0941	chrX	53440287	53440408	FLAG	266	214	214	213	3	0	0.986
SMC1AExon3_0942	chrX	53441676	53441787	FLAG	206	206	73	202	70	0	0.618
SMC1AExon3_0943	chrX	53441721	53441832	FLAG	206	206	131	202	52	0	0.743
SMC1AExon2_0944	chrX	53441897	53442013	FLAG	440	121	118	120	14	0	0.884
SMC1AExon2_0945	chrX	53442010	53442121	FLAG	610	440	320	424	6	0	0.981
SMC1AExon2_0946	chrX	53442084	53442205	PASS	490	173	169	170	164	0	0.442
ATRXExon_0947	chrX	76763795	76763906	FLAG	157	62	62	62	5	0	0.966
ATRXExon_0948	chrX	76763891	76764002	FLAG	163	102	95	95	91	0	0.225
ATRXExon_0950	chrX	76776238	76776354	FLAG	127	80	80	80	78	0	0.121
ATRXExon_0951	chrX	76776342	76776463	FLAG	127	47	47	47	44	0	0.386
ATRXExon_0952	chrX	76776849	76776960	FLAG	236	115	106	106	4	0	0.962
ATRXExon_0953	chrX	76776932	76777043	PASS	235	129	129	128	122	0	0.338
ATRXExon_0954	chrX	76777709	76777820	PASS	231	231	105	227	100	0	0.532
ATRXExon_0955	chrX	76777764	76777885	PASS	231	231	126	227	108	0	0.532
ATRXExon_0957	chrX	76778802	76778918	FLAG	35	35	35	35	1	0	0.971
ATRXExon_0958	chrX	76812901	76813022	FLAG	186	102	102	102	98	0	0.237
ATRXExon_0959	chrX	76812991	76813102	FLAG	300	186	84	185	81	0	0.508
ATRXExon_0960	chrX	76813075	76813186	PASS	198	114	114	114	110	0	0.409
ATRXExon_0961	chrX	76814108	76814219	FLAG	208	66	49	53	48	0	0.39
ATRXExon_0962	chrX	76814189	76814310	FLAG	208	159	159	159	93	0	0.553
ATRXExon_0963	chrX	76814227	76814343	FLAG	208	159	41	158	39	0	0.678
ATRXExon_0965	chrX	76829779	76829890	FLAG	55	55	55	54	51	0	0.073
ATRXExon_0966	chrX	76845269	76845380	FLAG	104	41	41	41	38	0	0.394
ATRXExon_0967	chrX	76845352	76845463	FLAG	104	63	63	63	60	0	0.156
ATRXExon_0968	chrX	76849160	76849276	FLAG	210	46.5	37	38	34	0	0.473
ATRXExon_0969	chrX	76849245	76849366	PASS	210	173	173	173	166	0	0.04
ATRXExon_0970	chrX	76854864	76854985	FLAG	51	21	21	21	0	0	1
ATRXExon_0971	chrX	76854953	76855069	FLAG	51	29	29	29	21	0	0.588
ATRXExon_0972	chrX	76855194	76855305	FLAG	92	92	92	91	1	0	0.989
ATRXExon_0973	chrX	76855877	76855993	FLAG	289	289	82	273.5	77	0	0.713
ATRXExon_0974	chrX	76855952	76856068	FLAG	289	257.5	207	207	83	0	0.713
ATRXExon_0975	chrX	76872070	76872181	FLAG	129	129	24	128	0	0	1
ATRXExon_0976	chrX	76872132	76872243	FLAG	129	129	105	128	25	0	0.806
ATRXExon_0977	chrX	76874242	76874353	FLAG	204	38	38	38	36	0	0.567
ATRXExon_0978	chrX	76874327	76874438	FLAG	264	225	182	204	41	0	0.799
ATRXExon_0979	chrX	76874400	76874511	FLAG	226	215	60	144	58	0	0.509
ATRXExon_0981	chrX	76875961	76876082	FLAG	64	63	63	63	60	0	0.048
ATRXExon_0982	chrX	76888678	76888799	FLAG	64	36	36	36	32	0	0.438
ATRXExon_0983	chrX	76888767	76888878	FLAG	64	27	27	27	25	0	0.5
ATRXExon_0984	chrX	76889019	76889130	FLAG	172	72	64	64	62	0	0.247
ATRXExon_0985	chrX	76889101	76889212	FLAG	172	108	108	108	66	0	0.616
ATRXExon_0986	chrX	76890066	76890177	FLAG	219	219	169	216	50	0	0.772
ATRXExon_0987	chrX	76890117	76890228	FLAG	219	219	50	216	48	0	0.549
ATRXExon_0988	chrX	76891393	76891504	PASS	500	265	265	264	184	0	0.631
ATRXExon_0989	chrX	76891480	76891596	FLAG	500	233	233	233	2	0	0.991
ATRXExon_0990	chrX	76907571	76907682	FLAG	480	380	372	373	43	0	0.885
ATRXExon_0991	chrX	76907652	76907763	PASS	497	124	107	124	103	0	0.735
ATRXExon_0992	chrX	76907753	76907864	FLAG	124	16	13	13	5	0	0.821
ATRXExon_0994	chrX	76909657	76909768	FLAG	171	171	171	170	2	0	0.988
ATRXExon_0995	chrX	76912020	76912131	PASS	373	373	284	366	269	0	0.244
ATRXExon_0996	chrX	76912095	76912206	FLAG	373	104	89	89	87	0	0.711
ATRXExon_0997	chrX	76918843	76918964	PASS	206	127	127	127	119	0	0.139
ATRXExon_0998	chrX	76918956	76919072	FLAG	206	79	79	79	2	0	0.975
ATRXExon_0999	chrX	76920126	76920247	FLAG	61	61	35	60	1	0	0.971
ATRXExon_1000	chrX	76920192	76920303	FLAG	61	61	26	58	0	0	1
ATRXExon_1001	chrX	76931688	76931799	FLAG	19	19	19	19	1	0	0.947
ATRXExon_1002	chrX	76936981	76937092	FLAG	134	14	14	14	0	0	1
ATRXExon_1003	chrX	76937067	76937183	FLAG	318	134	120	133	20	0	0.851
ATRXExon_1004	chrX	76937164	76937275	PASS	305	185	184	185	178	0	0.385
ATRXExon_1006	chrX	76937349	76937460	FLAG	153	96	93	94	91	0	0.15
ATRXExon_1007	chrX	76937432	76937543	FLAG	199	106	59	106	56	0	0.382
ATRXExon_1008	chrX	76937536	76937647	FLAG	203	58	46	47	0	0	1
ATRXExon_1009	chrX	76937636	76937757	FLAG	172	126	97	125	29	0	0.77
ATRXExon_1010	chrX	76937726	76937837	FLAG	150	53	29	53	28	0	0.42
ATRXExon_1011	chrX	76937834	76937955	FLAG	118	53	24	47	0	0	1
ATRXExon_1012	chrX	76937930	76938051	FLAG	129	88	65	87	41	0	0.613
ATRXExon_1013	chrX	76938030	76938151	FLAG	148	83	41	82	39	0	0.453
ATRXExon_1014	chrX	76938139	76938250	FLAG	110	45	42	42	0	0	1
ATRXExon_1015	chrX	76938247	76938363	FLAG	100	58	27	56	26	0	0.574
ATRXExon_1016	chrX	76938333	76938454	FLAG	89	58	31	57	27	0	0.534
ATRXExon_1017	chrX	76938444	76938565	FLAG	92	61	31	58	28	0	0.483
ATRXExon_1018	chrX	76938537	76938648	FLAG	247	61	30	54	28	0	0.811
ATRXExon_1019	chrX	76938643	76938759	FLAG	285	186	186	186	3	0	0.984
ATRXExon_1020	chrX	76938752	76938863	FLAG	277	86	64	84	58	0	0.663
ATRXExon_1021	chrX	76938849	76938960	FLAG	173	86	22	85	21	0	0.455
ATRXExon_1022	chrX	76938944	76939065	FLAG	154	109	84	105	14	0	0.869
ATRXExon_1023	chrX	76939051	76939167	FLAG	184	100	45	96	43	0	0.616
ATRXExon_1024	chrX	76939145	76939266	FLAG	148	100	55	99	41	0	0.59
ATRXExon_1025	chrX	76939247	76939358	FLAG	136	81	48	80	13	0	0.866
ATRXExon_1026	chrX	76939344	76939455	FLAG	306	81	33	81	7	0	0.857
ATRXExon_1027	chrX	76939426	76939547	FLAG	321	258	225	255	12	0	0.949
ATRXExon_1028	chrX	76939536	76939647	FLAG	328	101	62	100	60	0	0.569
ATRXExon_1029	chrX	76939623	76939734	FLAG	315	101	40	101	39	0	0.645
ATRXExon_1030	chrX	76939717	76939833	FLAG	303	253	213	241	48	0	0.81
ATRXExon_1031	chrX	76939818	76939934	FLAG	300	87	50	84	47	0	0.617
ATRXExon_1032	chrX	76939925	76940041	FLAG	148	96	37	88.5	0	0	1
ATRXExon_1033	chrX	76940003	76940114	FLAG	98	70	56	57	39	0	0.602
ATRXExon_1034	chrX	76940396	76940507	FLAG	41	41	41	41	0	0	1
ATRXExon_1035	chrX	76944282	76944393	FLAG	146	61	61	61	56	0	0.197
ATRXExon_1036	chrX	76944390	76944501	FLAG	147	86	86	86	84	0	0.181
ATRXExon_1038	chrX	76949370	76949481	PASS	621	620	620	616	597	0	0.037
ATRXExon_1040	chrX	76952148	76952269	PASS	200	200	200	199	195	0	0.025
STAG2Exon5_1042	chrX	123171346	123171457	FLAG	45	45	36	44	35	0	0.222
STAG2Exon5_1043	chrX	123171386	123171497	FLAG	45	45	9	44	9	0	0.667
STAG2Exon7_1045	chrX	123178979	123179090	FLAG	65	42	42	42	39	0	0.106
STAG2Exon7_1046	chrX	123179061	123179172	FLAG	65	23	23	23	22	0	0.351
STAG2Exon8_1048	chrX	123181194	123181315	FLAG	243	100	100	100	95	0	0.374
STAG2Exon8_1049	chrX	123181299	123181415	FLAG	243	143	143	143	3	0	0.979
STAG2Exon9_1050	chrX	123182823	123182934	FLAG	21	21	21	21	19	0	0.095
STAG2Exon10_1051	chrX	123184029	123184150	FLAG	75	75	51	74	20	0	0.733
STAG2Exon10_1052	chrX	123184088	123184199	FLAG	75	75	19	74	19	0	0.733
STAG2Exon11_1053	chrX	123184946	123185057	FLAG	143	143	98	132	71	0	0.364
STAG2Exon11_1054	chrX	123185004	123185115	FLAG	143	142	44	125	43	0	0.569
STAG2Exon13_1056	chrX	123189943	123190054	FLAG	194	194	66	191	63	0	0.374
STAG2Exon13_1057	chrX	123190001	123190112	PASS	194	194	128	191	125	0	0.345
STAG2Exon14_1059	chrX	123191750	123191861	FLAG	3	3	3	3	3	0	0
STAG2Exon15_1060	chrX	123195061	123195172	FLAG	55	20	18	19	17	0	0.28
STAG2Exon15_1061	chrX	123195142	123195253	FLAG	54	36	36	36	33	0	0.209
STAG2Exon16_1062	chrX	123195586	123195697	FLAG	147	146	90	127	59	0	0.397
STAG2Exon16_1063	chrX	123195647	123195758	FLAG	147	142	58	109	55	0	0.456
STAG2Exon17_1065	chrX	123196782	123196893	FLAG	86	86	85	85	81	0	0.058
STAG2Exon19_1067	chrX	123197677	123197788	FLAG	86	49	49	49	37	0	0.57
STAG2Exon19_1068	chrX	123197758	123197874	FLAG	112	60	34	60	33	0	0.424
STAG2Exon19_1069	chrX	123197864	123197975	FLAG	60	26	26	26	25	0	0.182
STAG2Exon20_1070	chrX	123199698	123199809	FLAG	60	60	60	60	59	0	0.017
STAG2Exon23_1074	chrX	123202430	123202541	FLAG	20	20	20	20	18	0	0.1
STAG2Exon24_1075	chrX	123204987	123205103	FLAG	181	92	92	92	89	0	0.459
STAG2Exon24_1076	chrX	123205076	123205197	FLAG	181	89	89	89	86	0	0.226
STAG2Exon25_1077	chrX	123210168	123210279	PASS	345	178	178	178	172	0	0.328
STAG2Exon25_1078	chrX	123210248	123210364	PASS	345	167	167	167	161	0	0.237
STAG2Exon26_1079	chrX	123211773	123211884	FLAG	172	76	76	76	74	0	0.479
STAG2Exon26_1080	chrX	123211863	123211974	FLAG	172	96	95	96	5	0	0.948
STAG2Exon27_1081	chrX	123215200	123215311	FLAG	80	26	26	26	25	0	0.341
STAG2Exon27_1082	chrX	123215295	123215406	FLAG	80	54	54	54	28	0	0.65
STAG2Exon28_1083	chrX	123217265	123217376	FLAG	192	192	94	189	92	0	0.497
STAG2Exon28_1084	chrX	123217325	123217436	FLAG	192	192	98	189	93	0	0.495
STAG2Exon29_1085	chrX	123220371	123220487	FLAG	164	68	68	68	48	0	0.7
STAG2Exon29_1086	chrX	123220458	123220579	FLAG	253	164	96	164	93	0	0.246
STAG2Exon29_1087	chrX	123220555	123220676	FLAG	184	89	89	89	85	0	0.473
STAG2Exon30_1088	chrX	123224408	123224529	FLAG	150	87	87	87	56	0	0.619
STAG2Exon30_1089	chrX	123224518	123224629	FLAG	150	63	63	63	59	0	0.344
PHF6_exon2_0009	chrX	133511596	133511712	PASS	379	204	204	204	199	0	0.332
PHF6Exon2_1090	chrX	133511596	133511712	PASS	379	204	204	204	199	0	0.332
PHF6Exon2_1091	chrX	133511680	133511796	PASS	379	192	173	175	168	0	0.272
PHF6_exon2_0010	chrX	133511680	133511796	PASS	379	192	173	175	168	0	0.272
PHF6Exon3_1092	chrX	133512022	133512133	FLAG	247	131	131	131	6	0	0.957
PHF6Exon3_1093	chrX	133512129	133512240	PASS	247	116	116	116	112	0	0.176
PHF6Exon4_1094	chrX	133527500	133527611	FLAG	139	101	101	101	96	0	0.134
PHF6Exon4_1095	chrX	133527608	133527719	FLAG	139	38	38	38	0	0	1
PHF6Exon5_1096	chrX	133527882	133527993	FLAG	20	20	20	20	0	0	1
PHF6Exon6_1097	chrX	133547499	133547620	FLAG	271	96	96	96	91	0	0.576
PHF6Exon6_1098	chrX	133547591	133547702	FLAG	275	179	175	178	6	0	0.966
PHF6Exon7_1099	chrX	133547844	133547960	FLAG	137	82	82	82	78	0	0.234
PHF6Exon7_1100	chrX	133547944	133548055	FLAG	137	55	55	55	53	0	0.453
PHF6Exon9_1103	chrX	133551170	133551281	FLAG	280	278	264	272	8	0	0.97
PHF6Exon9_1104	chrX	133551236	133551357	FLAG	280	267	16	166	0	0	1
